   3.00e+01   8.9976364267041369e-21
   4.00e+01   1.3160308046906728e-22
   5.00e+01   6.2829721927493805e-23
   6.00e+01   4.2956364902673050e-23
   7.00e+01   3.0636456498878255e-23
   8.00e+01   2.4802497403707600e-23
   9.00e+01   2.0079472228893253e-23
   1.00e+02   1.7689127897434003e-23
   1.41e+02   1.2093967782463053e-23
   2.00e+02   1.1114029869356515e-23
   2.45e+02   1.1351307054434358e-23
   3.00e+02   1.2885217184405017e-23
   4.00e+02   1.4626405672325428e-23
   5.00e+02   1.6957342739806758e-23
   6.00e+02   1.9659749581494750e-23
   7.00e+02   2.2792825476115478e-23
   8.00e+02   2.5332014314857549e-23
   9.00e+02   2.8755147279527464e-23
   1.00e+03   3.1958556576241397e-23
   2.00e+03   6.1516387746092222e-23
   3.00e+03   9.1897300119093229e-23