1.258925411794167   0.1256728608587159
1.288249551693133   0.09104193961155464
1.318256738556407   0.06595405492958583
1.348962882591652   0.04777948910375312
1.380384264602885   0.03461318006076991
1.412537544622753   0.02507503232857235
1.445439770745928   0.01816525511886076
1.479108388168205   0.013159564032039
1.513561248436208   0.009533261403718486
1.548816618912479   0.006906237377648649
1.584893192461113   0.005003126705182676
1.621810097358927   0.003624444898045834
1.659586907437561   0.002625678219454738
1.698243652461742   0.001902135721758684
1.737800828749376   0.001377975517785186
1.778279410038922   0.000998255017186541
1.819700858609983   0.0007231718317752082
1.862087136662863   0.0005238916802512619
1.905460717963248   0.0003795259723581225
1.94984459975804   0.0002749422621586512
1.99526231496888   0.0001991780616520917
2.041737944669524   0.0001442917503188088
2.089296130854041   0.0001045301326731069
2.137962089502226   0.00007572538701980831
2.187761623949554   0.000054858193447745
2.238721138568338   0.00003974124803829666
2.290867652767775   0.00002878998917720182
2.344228815319915   0.00002085650345013477
2.398832919019493   0.00001510920110070572
2.454708915685023   0.00001094564860535583
2.51188643150958   7.929421456064425e-6
2.570395782768856   5.744358045363258e-6
2.630267991895384   4.161419535607225e-6
2.691534803926908   3.014681956552442e-6
2.754228703338169   2.18394401751582e-6
2.818382931264452   1.582127581079101e-6
2.884031503126609   1.146150113160161e-6
2.951209226666379   8.303123576172399e-7
3.019951720402019   6.015081299525733e-7
3.090295432513577   4.357541196151041e-7
3.162277660168379   3.15675954e-7
3.235936569296268   2.286870128085789e-7
3.311311214825915   1.656690956806644e-7
3.38844156139201   1.200166503841773e-7
3.467368504525318   8.694437734604597e-8
3.548133892335752   6.298563347580496e-8
3.630780547701018   4.562905785797621e-8
3.715352290971708   3.305533033666025e-8
3.801893963205614   2.394646996803446e-8
3.890451449942787   1.734768396169996e-8
3.981071705534973   1.256728608587159e-8
4.073802778041107   9.104193961155463e-9
4.168693834703356   6.595405492958584e-9
4.265795188015904   4.777948910375312e-9
4.365158322401668   3.461318006076991e-9
4.466835921509626   2.507503232857236e-9
4.570881896148759   1.816525511886076e-9
4.677351412871955   1.3159564032039e-9
4.786300923226392   9.533261403718489e-10
4.897788193684431   6.906237377648649e-10
5.011872336272724   5.003126705182676e-10
5.128613839913616   3.624444898045834e-10
5.248074602497736   2.625678219454739e-10
5.370317963702498   1.902135721758684e-10
5.495408738576257   1.377975517785186e-10
5.62341325190349   9.98255017186541e-11
5.754399373371581   7.231718317752082e-11
5.888436553555858   5.238916802512619e-11
6.025595860743591   3.795259723581225e-11
6.165950018614789   2.749422621586512e-11
6.309573444801935   1.991780616520917e-11
6.45654229034652   1.442917503188088e-11
6.606934480075974   1.045301326731069e-11
6.760829753919781   7.572538701980832e-12
6.918309709189379   5.4858193447745e-12
7.079457843841373   3.974124803829666e-12
7.244359600749916   2.878998917720182e-12
7.413102413009132   2.085650345013477e-12
7.585775750291853   1.510920110070572e-12
7.762471166286881   1.094564860535583e-12
7.943282347242818   7.929421456064426e-13
8.128305161640952   5.744358045363259e-13
8.317637711026728   4.161419535607226e-13
8.511380382023725   3.014681956552443e-13
8.709635899560826   2.183944017515822e-13
8.912509381337448   1.582127581079104e-13
9.120108393559117   1.146150113160165e-13
9.332543007969832   8.303123576172444e-14
9.549925860214369   6.015081299525792e-14
9.772372209558025   4.357541196151114e-14
10.   3.156759540000091e-14
10.23292992280754   2.2868701280859e-14
10.47128548050899   1.656690956806786e-14
10.71519305237606   1.200166503841957e-14
10.96478196143185   8.69443773460689e-15
11.22018454301963   6.298563347583387e-15
11.48153621496882   4.562905785801265e-15
11.74897554939528   3.305533033670623e-15
12.02264434617413   2.394646996809214e-15
12.3026877081238   1.734768396177261e-15
12.58925411794167   1.256728608596308e-15
12.88249551693133   9.104193961270649e-16
13.18256738556407   6.595405493103582e-16
13.48962882591652   4.777948910557872e-16
13.80384264602884   3.461318006306805e-16
14.12537544622754   2.50750323314655e-16
14.45439770745928   1.8165255122503e-16
14.79108388168205   1.315956403662438e-16
15.13561248436208   9.533261409491143e-17
15.48816618912479   6.906237384916044e-17
15.84893192461113   5.003126714331812e-17
16.21810097358927   3.624444909563991e-17
16.59586907437561   2.625678233955303e-17
16.98243652461742   1.902135740013937e-17
17.37800828749376   1.377975540767354e-17
17.78279410038922   9.98255046119607e-18
18.19700858609983   7.231718682000953e-18
18.62087136662863   5.238917261079143e-18
19.05460717963248   3.795260300888255e-18
19.4984459975804   2.749423348381267e-18
19.9526231496888   1.991781531512705e-18
20.41737944669524   1.442918655110174e-18
20.89296130854041   1.045302776936551e-18
21.37962089502226   7.572556959279712e-19
21.87761623949554   5.485842329750042e-19
22.38721138568338   3.974153740732985e-19
22.90867652767775   2.879035347824284e-19
23.44228815319915   2.085696208687377e-19
23.98832919019493   1.51097785007265e-19
24.54708915685024   1.094637551975573e-19
25.1188643150958   7.930336593801591e-20
25.70395782768856   5.745510126755081e-20
26.30267991895384   4.162869868545842e-20
26.91534803926908   3.016507659872805e-20
27.54228703338169   2.186242035185867e-20
28.18382931264452   1.585019639850034e-20
28.84031503126609   1.149788754830103e-20
29.51209226666378   8.348880805438674e-21
30.19951720402019   6.07257409295747e-21
30.90295432513577   4.429674581381532e-21
31.62277660168379   3.247038237775857e-21
32.35936569296268   2.399391529259937e-21
33.11311214825914   1.795989901322577e-21
33.88441561392011   1.370796448784841e-21
34.67368504525318   1.075204053538663e-21
35.48133892335752   8.727488588107533e-22
36.30780547701017   7.355995793678925e-22
37.15352290971708   6.425938033136171e-22
38.01893963205613   5.78215902511008e-22
38.90451449942787   5.317521778647629e-22
39.81071705534973   4.962621426599712e-22
40.73802778041107   4.674820223915289e-22
41.68693834703356   4.428876021808851e-22
42.65795188015904   4.210163144976915e-22
43.65158322401668   4.010275803456387e-22
44.66835921509626   3.824363100432952e-22
45.70881896148759   3.64957789606288e-22
46.77351412871955   3.484195272226193e-22
47.86300923226392   3.327118390330354e-22
48.97788193684431   3.177603620013978e-22
50.11872336272724   3.035108234433551e-22
51.28613839913616   2.899206129672176e-22
52.48074602497737   2.769541146299418e-22
53.70317963702498   2.64580113209792e-22
54.95408738576257   2.527703434764692e-22
56.2341325190349   2.414986693188219e-22
57.54399373371582   2.307406102591661e-22
58.88436553555858   2.204730599492841e-22
60.25595860743591   2.106741111655502e-22
61.65950018614789   2.013229402749541e-22
63.09573444801935   1.923997252852165e-22
64.5654229034652   1.838855832134739e-22
66.06934480075975   1.757625188958766e-22
67.6082975391978   1.68013380871855e-22
69.18309709189379   1.606218219072655e-22
70.79457843841373   1.535722627822006e-22
72.44359600749916   1.468498585531325e-22
74.13102413009131   1.404404668202721e-22
75.85775750291853   1.343306177076668e-22
77.62471166286881   1.285074853604972e-22
79.43282347242818   1.229588608169188e-22
81.28305161640952   1.176731261401757e-22
83.17637711026728   1.126392297113475e-22
85.11380382023725   1.078466625898773e-22
87.09635899560825   1.032854358512295e-22
89.12509381337449   9.894605881046442e-23
91.20108393559118   9.481951803826537e-23
93.32543007969832   9.089725707266314e-23
95.49925860214369   8.717115672589729e-23
97.72372209558025   8.363351588196233e-23
100.   8.027703267690138e-23
102.3292992280754   7.709478595137836e-23
104.7128548050899   7.408021686414896e-23
107.1519305237606   7.122711055653957e-23
109.6478196143185   6.852957776282992e-23
112.2018454301963   6.598203627051109e-23
114.8153621496882   6.357919214877978e-23
117.4897554939528   6.131602068432643e-23
120.2264434617413   5.918774699130041e-23
123.026877081238   5.718982629780931e-23
125.8925411794167   5.53179239544467e-23
128.8249551693133   5.356789526047304e-23
131.8256738556407   5.193576525883235e-23
134.8962882591652   5.041770870960262e-23
138.0384264602884   4.901003050907933e-23
141.2537544622754   4.770914687384933e-23
144.5439770745928   4.651156765054477e-23
147.9108388168205   4.541388013686067e-23
151.3561248436208   4.441273480262792e-23
154.8816618912479   4.350483327718049e-23
158.4893192461113   4.268691891879391e-23
162.1810097358927   4.19557702040653e-23
165.9586907437561   4.130819707317386e-23
169.8243652461742   4.074104024739981e-23
173.7800828749376   4.025117340691088e-23
177.8279410038922   3.983550799002485e-23
181.9700858609983   3.949100026055038e-23
186.2087136662863   3.921466019698816e-23
190.5460717963248   3.90035616936279e-23
194.984459975804   3.885485353307246e-23
199.5262314968879   3.876577059311006e-23
204.1737944669524   3.873364478545154e-23
208.9296130854041   3.875591528423274e-23
213.7962089502225   3.883013768114863e-23
218.7761623949554   3.895399179366481e-23
223.8721138568338   3.912528794522118e-23
229.0867652767775   3.934197162497158e-23
234.4228815319915   3.96021265141896e-23
239.8832919019492   3.990397593352733e-23
245.4708915685024   4.024588281804748e-23
251.188643150958   4.062634836503919e-23
257.0395782768856   4.104400952389787e-23
263.0267991895385   4.149763550940824e-23
269.1534803926908   4.198612352168154e-23
275.4228703338169   4.250849384997036e-23
281.8382931264453   4.306388452578538e-23
288.4031503126609   4.365154567510971e-23
295.1209226666379   4.427083370171435e-23
301.9951720402019   4.492120541496061e-23
309.0295432513577   4.560221219704704e-23
316.2277660168379   4.631349428715587e-23
323.5936569296268   4.705477524385105e-23
331.1311214825915   4.782585663265815e-23
338.8441561392011   4.862661297313519e-23
346.7368504525318   4.945698696892527e-23
354.8133892335752   5.031698503519419e-23
363.0780547701018   5.120667313036645e-23
371.5352290971708   5.212617289302645e-23
380.1893963205614   5.307565808007605e-23
389.0451449942787   5.405535129856408e-23
398.1071705534973   5.506552102086264e-23
407.3802778041107   5.610647887090845e-23
416.8693834703356   5.71785771679158e-23
426.5795188015905   5.828220671318252e-23
436.5158322401667   5.941779480524312e-23
446.6835921509626   6.058580346858725e-23
457.0881896148759   6.178672788138021e-23
467.7351412871955   6.30210949880301e-23
478.6300923226393   6.428946228299623e-23
489.7788193684431   6.559241675287732e-23
501.1872336272724   6.693057396452773e-23
512.8613839913616   6.830457728769473e-23
524.8074602497737   6.971509724142817e-23
537.0317963702498   7.116283095427454e-23
549.5408738576256   7.26485017290101e-23
562.341325190349   7.417285870339189e-23
575.4399373371582   7.573667659909749e-23
588.8436553555858   7.734075555168387e-23
602.5595860743591   7.898592101502129e-23
616.5950018614789   8.067302373424075e-23
630.9573444801935   8.240293978178503e-23
645.654229034652   8.417657065166057e-23
660.6934480075974   8.599484340746234e-23
676.0829753919781   8.785871088018119e-23
691.8309709189379   8.976915191220687e-23
707.9457843841373   9.17271716443106e-23
724.4359600749917   9.373380184273409e-23
741.3102413009131   9.579010126382068e-23
758.5775750291853   9.789715605391599e-23
776.2471166286882   1.000560801825207e-22
794.3282347242818   1.022680159069204e-22
812.8305161640952   1.045341342667348e-22
831.7637711026728   1.06855635607023e-22
851.1380382023725   1.092337501287679e-22
870.9635899560826   1.116697384657218e-22
891.2509381337448   1.141648922867454e-22
912.0108393559118   1.167205349229116e-22
933.2543007969832   1.193380220187618e-22
954.9925860214368   1.220187422072252e-22
977.2372209558025   1.247641178078009e-22
1000.   1.275756055477072e-22
1023.292992280754   1.304546973057781e-22
1047.128548050899   1.33402920878971e-22
1071.519305237606   1.364218407714149e-22
1096.478196143185   1.395130590059958e-22
1122.018454301963   1.426782159585336e-22
1148.153621496882   1.459189912146592e-22
1174.897554939528   1.492371044495491e-22
1202.264434617413   1.526343163307229e-22
1230.26877081238   1.561124294441493e-22
1258.925411794167   1.596732892439454e-22
1288.249551693133   1.633187850259919e-22
1318.256738556407   1.670508509258197e-22
1348.962882591652   1.708714669411553e-22
1380.384264602885   1.747826599795439e-22
1412.537544622754   1.787865049314938e-22
1445.439770745928   1.82885125769618e-22
1479.108388168205   1.870806966742681e-22
1513.561248436208   1.91375443186187e-22
1548.816618912479   1.957716433867241e-22
1584.893192461113   2.002716291061852e-22
1621.810097358927   2.04877787160906e-22
1659.586907437561   2.095925606196653e-22
1698.243652461742   2.144184501000713e-22
1737.800828749376   2.193580150955765e-22
1778.279410038922   2.244138753337978e-22
1819.700858609983   2.295887121668391e-22
1862.087136662863   2.348852699943309e-22
1905.460717963248   2.403063577199298e-22
1949.84459975804   2.458548502420285e-22
1995.26231496888   2.515336899794617e-22
2041.737944669524   2.573458884330002e-22
2089.296130854041   2.632945277834588e-22
2137.962089502225   2.693827625272528e-22
2187.761623949554   2.756138211502699e-22
2238.721138568338   2.819910078409367e-22
2290.867652767775   2.885177042433866e-22
2344.228815319915   2.951973712516541e-22
2398.832919019493   3.020335508458487e-22
2454.708915685023   3.090298679712766e-22
2511.88643150958   3.161900324615071e-22
2570.395782768856   3.235178410064069e-22
2630.267991895385   3.310171791661748e-22
2691.534803926907   3.386920234324618e-22
2754.228703338169   3.465464433376541e-22
2818.382931264453   3.545846036134471e-22
2884.031503126609   3.628107663998555e-22
2951.209226666379   3.712292935058248e-22
3019.951720402019   3.798446487226559e-22
3090.295432513577   3.886614001914591e-22
3162.277660168379   3.976842228259023e-22
3235.936569296268   4.069179007915339e-22
3311.311214825915   4.163673300429991e-22
3388.441561392011   4.260375209204976e-22
3467.368504525318   4.359336008068572e-22
3548.133892335752   4.460608168466355e-22
3630.780547701017   4.56424538728694e-22
3715.352290971708   4.670302615337188e-22
3801.893963205614   4.778836086482001e-22
3890.451449942787   4.889903347464176e-22
3981.071705534973   5.00356328842013e-22
4073.802778041107   5.119876174107694e-22
4168.693834703356   5.238903675862538e-22
4265.795188015905   5.360708904300193e-22
4365.158322401668   5.485356442781016e-22
4466.835921509626   5.612912381655832e-22
4570.881896148759   5.743444353310469e-22
4677.351412871955   5.877021568027699e-22
4786.300923226393   6.013714850685708e-22
4897.788193684431   6.153596678312466e-22
5011.872336272725   6.296741218515974e-22
5128.613839913616   6.44322436881077e-22
5248.074602497737   6.593123796861498e-22
5370.317963702498   6.746518981664977e-22
5495.408738576257   6.903491255692526e-22
5623.41325190349   7.064123848014938e-22
5754.399373371581   7.228501928432983e-22
5888.436553555858   7.396712652636776e-22
6025.595860743591   7.568845208418096e-22
6165.950018614788   7.744990862959981e-22
6309.573444801934   7.925243011228856e-22
6456.54229034652   8.109697225494725e-22
6606.934480075974   8.29845130600575e-22
6760.829753919781   8.491605332844066e-22
6918.309709189379   8.689261718990381e-22
7079.457843841373   8.891525264625395e-22
7244.359600749916   9.098503212696982e-22
7413.102413009131   9.310305305782377e-22
7585.775750291853   9.527043844275832e-22
7762.471166286881   9.748833745932283e-22
7943.282347242818   9.975792606798801e-22
8128.305161640952   1.02080407635661e-21
8317.637711026729   1.044570135737303e-21
8511.380382023726   1.068890039909812e-21
8709.635899560826   1.093776683617263e-21
8912.509381337447   1.119243262095049e-21
9120.108393559117   1.145303278067164e-21
9332.543007969832   1.171970548905548e-21
9549.925860214369   1.199259213956277e-21
9772.372209558025   1.227183742036459e-21
10000.   1.255758939105822e-21