   2.2389300e+01   1.2541594e-24   3.8145378e-01
   6.0450870e+01   1.6864667e-25   1.1706770e-01
   1.3275140e+01   1.4081968e-23   3.1676114e+01
   3.0434020e+01   6.1014306e-25   1.4107703e+00
   1.9519960e+01   1.8687336e-24   4.4294920e+00
   1.4614000e+01   9.8371801e-24   2.6057968e+01
   3.2328110e+01   5.3881492e-25   1.5907257e+00
   3.8741990e+01   4.1366247e-25   1.2504212e+00
   1.2040340e+01   1.0549636e-23   3.6354574e+01
   2.0240050e+01   2.2315291e-24   8.7511151e+00
   1.8755960e+01   4.7951435e-24   1.9845699e+01
   1.6171980e+01   3.8071222e-24   1.5949809e+01
   1.2979670e+01   1.1645421e-23   5.2647259e+01
   1.4962570e+01   7.0694568e-23   3.4468728e+02
   1.6009710e+01   4.6149181e-24   2.6086042e+01
   2.8836370e+01   6.7119474e-25   3.8541229e+00
   1.4762670e+01   9.4257981e-23   5.4232967e+02
   1.9707000e+01   1.9754887e-24   1.1726899e+01
   2.5569380e+01   8.0843784e-25   5.4581288e+00
   1.4341010e+01   1.5192082e-23   1.0295410e+02
   1.1993120e+01   1.0927852e-23   8.0683185e+01
   5.0592960e+01   3.7583827e-25   3.0317337e+00
   1.2789160e+01   1.6182910e-23   1.3171551e+02
   2.1881060e+01   1.3285262e-24   1.0831407e+01
   2.4170090e+01   8.3583446e-25   6.9256896e+00
   2.9334170e+01   6.1685061e-25   5.3010070e+00
   2.2845340e+01   1.1269288e-24   9.7435457e+00
   1.0344480e+01   2.5941446e-23   2.4051012e+02
   8.2346020e+01   8.5402835e-26   7.9456398e-01
   1.4297800e+01   8.0757670e-24   7.6194460e+01
   2.3752490e+01   1.1049507e-24   1.0520264e+01
   6.4140390e+01   1.4869810e-25   1.5575736e+00
   1.3970550e+01   1.2689986e-23   1.3669371e+02
   1.2054950e+01   1.0549636e-23   1.1437736e+02
   1.0146740e+01   3.1290515e-23   3.4526787e+02
   1.9716270e+01   1.9754887e-24   2.1841360e+01
   2.0769680e+01   2.7111885e-24   3.0400379e+01
   1.2984700e+01   1.1645421e-23   1.3446775e+02
   1.0980820e+01   1.8925952e-23   2.2688899e+02
   2.0805040e+01   1.5608963e-24   1.9041158e+01
   2.6784550e+01   7.4894298e-25   9.3628757e+00
   3.8348810e+01   4.4984463e-25   5.6712522e+00
   4.1873850e+01   3.1051885e-25   4.0587474e+00
   1.2251460e+01   8.8298010e-24   1.1638577e+02
   1.8624320e+01   6.2989266e-24   8.3860658e+01
   1.7487420e+01   2.8454975e-24   3.8128489e+01
   1.4310240e+01   8.0757670e-24   1.0990551e+02
   2.4721090e+01   7.9948413e-25   1.1631271e+01
   2.2491680e+01   1.2275553e-24   1.8259621e+01
   1.3881950e+01   1.1940724e-23   1.7887522e+02
   2.9732330e+01   5.4742531e-25   8.3601885e+00
   1.0838460e+01   1.8418340e-23   3.0105928e+02
   1.3961840e+01   1.2689986e-23   2.1499597e+02
   3.1649100e+01   6.1875889e-25   1.0845405e+01
   1.0078830e+01   3.7143181e-23   6.6288970e+02
   5.5696940e+01   2.0461163e-25   3.7137044e+00
   1.1143010e+01   1.7155650e-23   3.1662615e+02
   1.2124910e+01   1.0685224e-23   1.9951199e+02
   1.3843730e+01   1.1297306e-23   2.1759541e+02
   3.9604890e+01   3.3267533e-25   6.4467028e+00
   2.7757870e+01   6.6181392e-25   1.3148883e+01
   2.3450990e+01   9.3461664e-25   2.0049994e+01
   1.8734560e+01   4.7951435e-24   1.0517515e+02
   2.9099890e+01   9.4250719e-25   2.1685586e+01
   1.9278790e+01   2.0403175e-24   4.9754959e+01
   1.0959400e+01   1.8998613e-23   4.6653482e+02
   1.0275860e+01   2.7098584e-23   7.1155989e+02
   1.7730580e+01   3.4525234e-24   9.1518085e+01
   1.2002360e+01   1.0927852e-23   2.9920031e+02
   1.3113730e+01   1.5624772e-23   4.4211623e+02
   1.6839070e+01   4.3012553e-24   1.2475623e+02
   1.5970670e+01   4.2664289e-24   1.3452558e+02
   1.5686180e+01   5.1482004e-24   1.6901833e+02
   1.2405240e+02   3.7398206e-26   1.2453001e+00
   1.3760190e+01   1.2512425e-23   4.1715536e+02
   1.1700420e+01   1.4450898e-23   4.9720698e+02
   1.0744090e+01   1.9986294e-23   6.9178269e+02
   1.9716920e+01   1.9754887e-24   6.8795254e+01
   3.0918530e+01   9.1151415e-25   3.3413373e+01
   3.2416950e+01   5.1731002e-25   1.9130616e+01
   1.0563290e+01   2.7397069e-23   1.0633708e+03
   1.3441180e+01   1.0950683e-23   4.3923823e+02
   1.0357040e+01   2.5941446e-23   1.1048076e+03
   1.0384150e+01   2.4742199e-23   1.0717024e+03
   3.9958490e+01   3.4531722e-25   1.6076760e+01
   1.0839980e+01   1.8418340e-23   8.8020026e+02
   1.1074720e+01   1.8437089e-23   9.3177975e+02
   1.4879960e+01   1.1968697e-22   6.2495773e+03
   3.0787300e+01   8.4730670e-25   4.5318928e+01
   1.0437650e+01   2.4543716e-23   1.3167724e+03
   1.4292400e+01   8.0757670e-24   4.4912955e+02
   1.0078030e+01   3.7143181e-23   2.3340630e+03
   3.4737590e+02   1.2644069e-25   7.9567087e+00
   1.6513050e+01   3.8209303e-24   2.4122872e+02
   1.0285180e+01   2.7098584e-23   1.7109237e+03
   1.1188410e+01   1.6493865e-23   1.0507346e+03
   2.2770190e+01   1.0937954e-24   7.0332988e+01
   1.0187380e+01   2.8740144e-23   1.8832350e+03
   1.2787780e+01   1.6182910e-23   1.0854835e+03
   1.5540720e+01   4.9969278e-24   3.4124585e+02
   2.0068060e+01   6.3302541e-24   4.3283404e+02
   1.9106770e+01   2.3438691e-24   1.7275271e+02
   1.0792720e+01   1.8857266e-23   1.4802830e+03
   1.4210010e+01   9.0744301e-24   7.2596602e+02
   1.0042810e+01   4.4220742e-23   3.5479684e+03
   1.0576720e+01   2.6522363e-23   2.2005548e+03
   1.3381450e+01   1.1979739e-23   1.0056807e+03
   1.5822740e+01   4.4444575e-24   3.7785905e+02
   1.1201110e+01   1.6493865e-23   1.4332296e+03
   1.6977710e+01   6.1619125e-23   5.5405608e+03
   1.0179220e+01   2.8740144e-23   2.6268369e+03
   1.4602630e+01   9.8371801e-24   9.0818684e+02
   1.3055090e+01   1.3654218e-23   1.2636570e+03
   1.7012040e+01   6.1619125e-23   5.7491575e+03
   1.0083940e+01   3.7143181e-23   3.7852962e+03
   1.0787650e+01   1.8857266e-23   1.9425373e+03
   1.2307790e+01   8.5639365e-24   9.0685218e+02
   1.1213780e+01   1.6493865e-23   1.8568417e+03
   1.0150730e+01   3.1290515e-23   3.7336277e+03
   1.2903950e+01   9.2988133e-24   1.1260314e+03
   1.9103190e+01   2.3438691e-24   2.8747102e+02
   1.5115600e+01   5.2907960e-24   6.5243842e+02
   1.4093580e+01   1.1021744e-23   1.7699749e+03
   1.0469190e+01   2.4543716e-23   3.9734567e+03
   8.8108140e+01   6.6711894e-26   1.0809997e+01
   1.4236910e+01   6.7988190e-24   1.1392514e+03
   5.2764270e+01   2.3167736e-25   3.9549674e+01
   4.0558780e+02   4.5106415e-26   8.7680545e+00
   4.1106140e+02   5.0096876e-26   1.0316021e+01
   3.2161930e+02   4.4777880e-26   9.9764324e+00
   5.4290600e+02   5.2443751e-26   1.1769661e+01
   6.7175460e+01   1.1604341e-25   2.7720498e+01
   2.6758630e+02   3.4885373e-26   8.4472163e+00
   1.4334390e+01   1.5192082e-23   4.1664891e+03
   5.3671850e+02   4.9937852e-26   1.3881115e+01
   4.3274670e+02   4.6335507e-26   1.2943179e+01
   1.0221240e+01   2.8740144e-23   9.1454587e+03
   1.9489700e+01   1.8687336e-24   5.9979683e+02
   1.2215430e+01   9.7923566e-24   3.2978004e+03
   1.8566960e+01   4.1547172e-24   1.4161686e+03
   3.8743140e+02   4.6538537e-26   1.6151716e+01
   4.9085220e+02   5.5591114e-26   1.9561986e+01
   3.8053570e+02   4.6714250e-26   1.6691792e+01
   1.3010980e+01   1.1645421e-23   4.3820353e+03
   2.4622060e+02   3.3784506e-26   1.3561441e+01
   1.1848430e+03   1.0487031e-25   4.3979557e+01
   6.9844870e+01   1.1345579e-25   4.8079500e+01
   1.2155890e+02   4.1495933e-26   1.7762910e+01
   1.0919600e+01   1.8737514e-23   8.5959707e+03
   1.8002370e+02   1.1765187e-25   5.6922750e+01
   9.1462030e+02   9.7592802e-26   4.7260940e+01
   5.7491570e+02   6.2577172e-26   3.2175802e+01
   2.5040050e+02   3.6063217e-26   1.8990196e+01
   1.2459180e+02   4.1723498e-26   2.3561922e+01
   3.8518390e+02   4.6292160e-26   2.6923360e+01
   1.2442440e+03   1.2999308e-25   7.6211525e+01
   7.0270150e+01   9.9750764e-26   6.0451748e+01
   3.1768780e+01   6.5738789e-25   3.9871872e+02
   3.2882710e+01   4.5998775e-25   2.7925943e+02
   3.7298820e+02   5.1415171e-26   3.1940364e+01
   4.1593630e+02   4.2880078e-26   2.9217804e+01
   2.1406330e+02   3.7697099e-26   2.6158105e+01
   6.7863140e+02   6.6936770e-26   4.8347426e+01
   3.3881080e+01   4.8293933e-25   3.5336757e+02
   1.0654270e+03   1.1578669e-25   8.6555512e+01
   5.6442460e+02   5.9045117e-26   4.5140526e+01
   6.4118460e+02   6.9910862e-26   5.4023017e+01
   3.6423450e+02   5.3235039e-26   4.1689767e+01
   4.8768800e+01   2.6473847e-25   2.1487832e+02
   3.4528580e+02   1.3046504e-25   1.0857528e+02
   5.0832070e+02   5.6277721e-26   4.7556240e+01
   3.8571300e+02   4.9245845e-26   4.3028675e+01
   6.5320110e+02   7.0414126e-26   6.1700477e+01
   3.3463080e+01   4.4102369e-25   3.8750295e+02
   4.4359260e+02   4.7321592e-26   4.4711175e+01
   2.6157900e+02   3.7371686e-26   3.5410377e+01
   4.3762370e+02   5.0695164e-26   4.8343725e+01
   6.9055630e+02   1.0311311e-25   9.9728624e+01
   4.4200090e+01   2.6366858e-25   2.5560625e+02
   2.2548010e+02   3.5047403e-26   3.4357808e+01
   5.5161070e+02   5.3136764e-26   5.3045737e+01
   4.3234250e+02   5.4259843e-26   5.5990897e+01
   5.1087220e+02   5.4990388e-26   5.7917754e+01
   4.8857960e+01   2.6140790e-25   2.7856375e+02
   1.0836200e+03   1.0483774e-25   1.1241727e+02
   3.5907920e+01   4.8124700e-25   5.2887122e+02
   1.4592720e+01   9.8371801e-24   1.0988474e+04
   1.2321080e+01   8.5639365e-24   1.0148945e+04
   3.4187470e+02   1.1349295e-25   1.3669829e+02
   8.6092210e+02   7.7554066e-26   9.7525406e+01
   1.2838570e+03   1.3112019e-25   1.6496474e+02
   3.3619340e+02   8.7300156e-26   1.1006716e+02
   4.5882900e+01   2.5997075e-25   3.3537221e+02
   3.3329980e+02   6.5959664e-26   8.6171263e+01
   1.1417720e+01   1.3855759e-23   1.8568343e+04
   4.8878280e+02   5.8064630e-26   7.8345075e+01
   1.0321890e+02   5.2101189e-26   7.0428484e+01
   3.7646700e+02   4.7805814e-26   6.5648490e+01
   6.3475790e+02   6.7857594e-26   9.6356326e+01
   5.2848470e+02   6.1072012e-26   8.8973405e+01
   2.1022140e+01   1.4944978e-24   2.2299756e+03
   5.8621580e+01   1.7622082e-25   2.7044017e+02
   5.7197870e+02   5.3939234e-26   8.2923260e+01
   6.3518890e+02   6.5538607e-26   1.0195387e+02
   6.3224800e+02   6.8309490e-26   1.0667402e+02
   3.8290180e+02   5.0271106e-26   8.3678752e+01
   1.5813280e+02   3.3766581e-26   5.8244613e+01
   4.0131760e+02   4.1900509e-26   7.2435535e+01
   6.9314810e+01   1.0011696e-25   1.8234820e+02
   5.5170940e+02   5.2495827e-26   9.6875019e+01
   1.1597940e+01   1.5532583e-23   2.9603314e+04
   6.9320350e+01   1.0011696e-25   1.9295452e+02
   7.6034620e+02   6.9337019e-26   1.3523319e+02
   1.3475320e+02   3.4359114e-26   6.8127575e+01
   1.3731100e+01   1.2512425e-23   2.4810768e+04
   6.0934280e+01   1.7422815e-25   4.1309276e+02
   2.1395010e+02   3.6438823e-26   9.0818631e+01
   1.9197180e+01   2.1719967e-24   5.4342984e+03
   6.7163240e+02   7.2590541e-26   1.8373417e+02
   4.3185390e+02   5.5643561e-26   1.4271978e+02
   9.3027050e+02   9.6254650e-26   2.6033796e+02
   5.8050920e+02   5.7737431e-26   1.6153443e+02
   7.7815750e+01   9.1771881e-26   2.6387434e+02
   3.2609580e+02   5.5503269e-26   1.6855882e+02
   5.6507140e+02   5.9169894e-26   1.8578200e+02
   5.8949930e+02   6.6106547e-26   2.4874145e+02
   5.5587540e+02   6.1640867e-26   2.3532006e+02
   5.1795700e+02   5.3114457e-26   2.0786119e+02
   2.8131410e+01   5.6831220e-25   2.2608188e+03
   2.2654700e+01   1.2460160e-24   5.1019477e+03
   1.0778190e+01   1.8857266e-23   7.9964184e+04
