%bin  freq(Hz)  sens (h/sqrt(Hz)

1  0.15  1.74e-10
2  0.25  3.031e-10
3  0.35  3.166e-11
4  0.45  3.887e-11
5  0.55  2.464e-11
6  0.649999  2.887e-12
7  0.749999  1.56e-12
8  0.849999  5.414e-13
9  0.949999  4.077e-12
10  1.05  2.695e-13
11  1.15  3.814e-14
12  1.25  6.959e-15
13  1.35  4.276e-15
14  1.45  2.679e-15
15  1.55  4.104e-16
16  1.65  1.446e-16
17  1.75  7.206e-15
18  1.85  2.434e-17
19  1.95  3.285e-18
20  2.05  9.588e-19
21  2.15  3.346e-19
22  2.25  1.563e-19
23  2.35  1.061e-19
24  2.45  9.142e-20
25  2.55  8.206e-20
26  2.65  7.237e-20
27  2.75  6.612e-20
28  2.85  6.047e-20
29  2.95  5.534e-20
30  3.05  5.066e-20
31  3.15  4.639e-20
32  3.25  4.374e-20
33  3.35  4.007e-20
34  3.45  3.78e-20
35  3.55  3.463e-20
36  3.65  3.268e-20
37  3.75  3.083e-20
38  3.85  2.826e-20
39  3.95  2.667e-20
40  4.05  2.518e-20
41  4.15  2.377e-20
42  4.25  2.244e-20
43  4.35  2.118e-20
44  4.45  2e-20
45  4.55  1.889e-20
46  4.65  1.784e-20
47  4.75  1.686e-20
48  4.85  1.593e-20
49  4.95  1.549e-20
50  5.05  1.464e-20
51  5.14999  1.385e-20
52  5.24999  1.348e-20
53  5.34999  1.276e-20
54  5.44999  1.21e-20
55  5.54999  1.179e-20
56  5.64999  1.122e-20
57  5.74999  1.095e-20
58  5.84999  1.05e-20
59  5.94999  1.031e-20
60  6.04999  1.007e-20
61  6.14999  1.007e-20
62  6.24999  1.019e-20
63  6.34999  1.135e-20
64  6.44999  1.314e-20
65  6.54999  1.776e-20
66  6.64999  2.999e-19
67  6.74999  2.67e-20
68  6.84999  1.466e-20
69  6.94999  9.127e-21
70  7.04999  8.106e-21
71  7.14999  7.433e-21
72  7.24999  6.945e-21
73  7.34999  6.565e-21
74  7.44999  5.985e-21
75  7.54999  5.749e-21
76  7.64999  5.537e-21
77  7.74999  5.342e-21
78  7.84999  5.162e-21
79  7.94999  4.993e-21
80  8.04999  4.833e-21
81  8.14999  4.682e-21
82  8.24999  4.538e-21
83  8.34999  4.4e-21
84  8.44999  4.268e-21
85  8.54999  4.141e-21
86  8.64999  4.018e-21
87  8.74999  3.901e-21
88  8.84999  3.787e-21
89  8.94999  3.677e-21
90  9.04999  3.571e-21
91  9.14999  3.469e-21
92  9.24999  3.369e-21
93  9.34999  3.273e-21
94  9.44999  3.18e-21
95  9.54999  3.09e-21
96  9.64999  3.002e-21
97  9.74999  2.917e-21
98  9.84999  2.835e-21
100  10.05  2.755e-21
101  10.15  2.678e-21
102  10.25  2.603e-21
103  10.35  2.53e-21
104  10.45  2.459e-21
105  10.55  2.39e-21
107  10.75  2.323e-21
108  10.85  2.258e-21
109  10.95  2.196e-21
110  11.05  2.134e-21
112  11.25  2.075e-21
113  11.35  2.017e-21
114  11.45  1.961e-21
116  11.65  1.907e-21
117  11.75  1.854e-21
118  11.85  1.803e-21
120  12.05  1.753e-21
121  12.15  1.704e-21
123  12.35  1.657e-21
124  12.45  1.612e-21
125  12.55  1.567e-21
127  12.75  1.524e-21
128  12.85  1.482e-21
130  13.05  1.441e-21
131  13.15  1.402e-21
133  13.35  1.363e-21
134  13.45  1.326e-21
136  13.65  1.289e-21
138  13.85  1.254e-21
139  13.95  1.22e-21
141  14.15  1.186e-21
142  14.25  1.154e-21
144  14.45  1.122e-21
146  14.65  1.092e-21
147  14.75  1.062e-21
149  14.95  1.033e-21
151  15.15  1.005e-21
153  15.35  9.776e-22
154  15.45  9.511e-22
156  15.65  9.253e-22
158  15.85  9.002e-22
160  16.05  8.758e-22
162  16.25  8.521e-22
164  16.45  8.29e-22
166  16.65  8.067e-22
167  16.75  7.849e-22
169  16.95  7.637e-22
171  17.15  7.432e-22
173  17.35  7.232e-22
175  17.55  7.038e-22
177  17.75  6.849e-22
179  17.95  6.666e-22
182  18.25  6.487e-22
184  18.45  6.314e-22
186  18.65  6.146e-22
188  18.85  5.982e-22
190  19.05  5.823e-22
192  19.25  5.668e-22
195  19.55  5.518e-22
197  19.75  5.372e-22
199  19.95  5.23e-22
201  20.15  5.092e-22
204  20.45  4.958e-22
206  20.65  4.827e-22
208  20.85  4.701e-22
211  21.15  4.578e-22
213  21.35  4.458e-22
216  21.65  4.342e-22
218  21.85  4.229e-22
221  22.15  4.119e-22
223  22.35  4.012e-22
226  22.65  3.909e-22
229  22.95  3.808e-22
231  23.15  3.71e-22
234  23.45  3.615e-22
237  23.75  3.522e-22
239  23.95  3.432e-22
242  24.25  3.345e-22
245  24.55  3.26e-22
248  24.85  3.178e-22
251  25.15  3.098e-22
254  25.45  3.02e-22
257  25.75  2.945e-22
260  26.05  2.871e-22
263  26.35  2.8e-22
266  26.65  2.731e-22
269  26.95  2.664e-22
272  27.25  2.598e-22
275  27.55  2.535e-22
278  27.85  2.473e-22
281  28.15  2.413e-22
285  28.55  2.355e-22
288  28.85  2.299e-22
291  29.15  2.244e-22
295  29.55  2.191e-22
298  29.85  2.139e-22
302  30.25  2.089e-22
305  30.55  2.04e-22
309  30.95  1.993e-22
312  31.25  1.947e-22
316  31.65  1.903e-22
319  31.95  1.86e-22
323  32.35  1.818e-22
327  32.75  1.777e-22
331  33.15  1.738e-22
335  33.55  1.699e-22
338  33.85  1.662e-22
342  34.25  1.626e-22
346  34.65  1.591e-22
350  35.05  1.557e-22
354  35.45  1.524e-22
358  35.85  1.492e-22
363  36.35  1.461e-22
367  36.75  1.431e-22
371  37.15  1.402e-22
375  37.55  1.374e-22
380  38.05  1.347e-22
384  38.45  1.32e-22
389  38.95  1.294e-22
393  39.35  1.27e-22
398  39.85  1.245e-22
402  40.25  1.222e-22
407  40.75  1.199e-22
412  41.25  1.177e-22
416  41.65  1.156e-22
421  42.15  1.135e-22
426  42.65  1.115e-22
431  43.15  1.096e-22
436  43.65  1.077e-22
441  44.15  1.059e-22
446  44.65  1.042e-22
451  45.15  1.025e-22
457  45.75  1.008e-22
462  46.25  9.921e-23
467  46.75  9.766e-23
473  47.35  9.616e-23
478  47.85  9.471e-23
484  48.45  9.33e-23
489  48.95  9.194e-23
495  49.55  9.062e-23
501  50.1499  8.934e-23
507  50.7499  8.811e-23
512  51.2499  8.691e-23
518  51.8499  8.575e-23
524  52.4499  8.463e-23
530  53.0499  8.354e-23
537  53.7499  8.248e-23
543  54.3499  8.146e-23
549  54.9499  8.047e-23
555  55.5499  7.951e-23
562  56.2499  7.858e-23
568  56.8499  7.768e-23
575  57.5499  7.681e-23
582  58.2499  7.596e-23
588  58.8499  7.515e-23
595  59.5499  7.435e-23
602  60.2499  7.358e-23
609  60.9499  7.283e-23
616  61.6499  7.211e-23
623  62.3499  7.14e-23
631  63.1499  7.072e-23
638  63.8499  7.006e-23
645  64.5499  6.942e-23
653  65.3499  6.879e-23
660  66.0499  6.818e-23
668  66.8499  6.76e-23
676  67.6499  6.702e-23
683  68.3499  6.647e-23
691  69.1499  6.593e-23
699  69.9499  6.54e-23
707  70.7499  6.489e-23
716  71.6499  6.44e-23
724  72.4499  6.391e-23
732  73.2499  6.344e-23
741  74.1499  6.298e-23
749  74.9499  6.254e-23
758  75.8499  6.21e-23
767  76.7499  6.168e-23
776  77.6499  6.127e-23
785  78.5499  6.087e-23
794  79.4499  6.048e-23
803  80.3499  6.009e-23
812  81.2499  5.972e-23
822  82.2499  5.936e-23
831  83.1499  5.9e-23
841  84.1499  5.866e-23
851  85.1499  5.832e-23
861  86.1499  5.799e-23
871  87.1499  5.766e-23
881  88.1499  5.735e-23
891  89.1499  5.704e-23
901  90.1499  5.674e-23
912  91.2499  5.644e-23
922  92.2499  5.615e-23
933  93.3499  5.587e-23
944  94.4499  5.559e-23
955  95.5499  5.532e-23
966  96.6499  5.506e-23
977  97.7499  5.48e-23
988  98.8499  5.454e-23
1000  100.05  5.429e-23
1012  101.25  5.405e-23
1023  102.35  5.381e-23
1035  103.55  5.358e-23
1047  104.75  5.335e-23
1059  105.95  5.312e-23
1072  107.25  5.29e-23
1084  108.45  5.268e-23
1096  109.65  5.247e-23
1109  110.95  5.226e-23
1122  112.25  5.205e-23
1135  113.55  5.185e-23
1148  114.85  5.165e-23
1161  116.15  5.146e-23
1175  117.55  5.127e-23
1189  118.95  5.108e-23
1202  120.25  5.089e-23
1216  121.65  5.071e-23
1230  123.05  5.053e-23
1245  124.55  5.036e-23
1259  125.95  5.019e-23
1274  127.45  5.002e-23
1288  128.85  4.985e-23
1303  130.35  4.969e-23
1318  131.85  4.953e-23
1334  133.45  4.938e-23
1349  134.95  4.922e-23
1365  136.55  4.907e-23
1380  138.05  4.892e-23
1396  139.65  4.877e-23
1413  141.35  4.863e-23
1429  142.95  4.849e-23
1445  144.55  4.835e-23
1462  146.25  4.822e-23
1479  147.95  4.808e-23
1496  149.65  4.795e-23
1514  151.45  4.782e-23
1531  153.15  4.77e-23
1549  154.95  4.758e-23
1567  156.75  4.745e-23
1585  158.55  4.734e-23
1603  160.35  4.722e-23
1622  162.25  4.711e-23
1641  164.15  4.699e-23
1660  166.05  4.689e-23
1679  167.95  4.678e-23
1698  169.85  4.667e-23
1718  171.85  4.657e-23
1738  173.85  4.647e-23
1758  175.85  4.638e-23
1778  177.85  4.628e-23
1799  179.95  4.619e-23
1820  182.05  4.61e-23
1841  184.15  4.601e-23
1862  186.25  4.592e-23
1884  188.45  4.584e-23
1905  190.55  4.576e-23
1928  192.85  4.568e-23
1950  195.05  4.56e-23
1972  197.25  4.553e-23
1995  199.55  4.546e-23
2018  201.85  4.539e-23
2042  204.25  4.532e-23
2065  206.55  4.526e-23
2089  208.95  4.519e-23
2113  211.35  4.513e-23
2138  213.85  4.508e-23
2163  216.35  4.502e-23
2188  218.85  4.497e-23
2213  221.35  4.492e-23
2239  223.95  4.488e-23
2265  226.55  4.483e-23
2291  229.15  4.479e-23
2317  231.75  4.475e-23
2344  234.45  4.472e-23
2371  237.15  4.468e-23
2399  239.95  4.465e-23
2427  242.75  4.463e-23
2455  245.55  4.46e-23
2483  248.35  4.458e-23
2512  251.25  4.456e-23
2541  254.15  4.455e-23
2570  257.05  4.454e-23
2600  260.05  4.454e-23
2630  263.05  4.454e-23
2661  266.15  4.454e-23
2692  269.25  4.455e-23
2723  272.35  4.457e-23
2754  275.45  4.459e-23
2786  278.65  4.462e-23
2818  281.85  4.466e-23
2851  285.15  4.472e-23
2884  288.45  4.48e-23
2917  291.75  4.49e-23
2951  295.15  4.505e-23
2985  298.55  4.526e-23
3020  302.05  4.558e-23
3055  305.55  4.613e-23
3090  309.05  4.718e-23
3126  312.65  4.972e-23
3162  316.25  5.903e-23
3199  319.95  2.645e-19
3236  323.65  1.043e-22
3273  327.35  5.403e-23
3311  331.15  4.828e-23
3350  335.05  4.659e-23
3388  338.85  4.591e-23
3428  342.85  4.559e-23
3467  346.75  4.544e-23
3508  350.85  4.537e-23
3548  354.85  4.535e-23
3589  358.95  4.536e-23
3631  363.15  4.539e-23
3673  367.35  4.544e-23
3715  371.55  4.55e-23
3758  375.85  4.556e-23
3802  380.25  4.564e-23
3846  384.65  4.572e-23
3890  389.05  4.581e-23
3936  393.65  4.591e-23
3981  398.15  4.601e-23
4027  402.75  4.611e-23
4074  407.45  4.623e-23
4121  412.15  4.634e-23
4169  416.95  4.646e-23
4217  421.75  4.659e-23
4266  426.65  4.672e-23
4315  431.55  4.685e-23
4365  436.55  4.699e-23
4416  441.65  4.714e-23
4467  446.75  4.729e-23
4519  451.95  4.744e-23
4571  457.15  4.76e-23
4624  462.45  4.777e-23
4677  467.75  4.793e-23
4732  473.25  4.811e-23
4786  478.65  4.829e-23
4842  484.25  4.847e-23
4898  489.85  4.866e-23
4955  495.55  4.886e-23
5012  501.249  4.906e-23
5070  507.049  4.926e-23
5129  512.949  4.947e-23
5188  518.849  4.969e-23
5248  524.849  4.991e-23
5309  530.949  5.013e-23
5370  537.049  5.037e-23
5433  543.349  5.06e-23
5495  549.549  5.085e-23
5559  555.949  5.11e-23
5623  562.349  5.135e-23
5689  568.949  5.162e-23
5754  575.449  5.188e-23
5821  582.149  5.216e-23
5888  588.849  5.244e-23
5957  595.749  5.273e-23
6026  602.649  5.303e-23
6095  609.549  5.334e-23
6166  616.649  5.367e-23
6237  623.749  5.404e-23
6310  631.049  5.458e-23
6383  638.349  4.409e-20
6457  645.749  6.454e-23
6531  653.149  5.56e-23
6607  660.749  5.567e-23
6683  668.349  5.596e-23
6761  676.149  5.629e-23
6839  683.949  5.664e-23
6918  691.849  5.7e-23
6998  699.849  5.737e-23
7079  707.949  5.775e-23
7161  716.149  5.814e-23
7244  724.449  5.854e-23
7328  732.849  5.894e-23
7413  741.349  5.936e-23
7499  749.949  5.977e-23
7586  758.649  6.02e-23
7674  767.449  6.064e-23
7762  776.249  6.108e-23
7852  785.249  6.153e-23
7943  794.349  6.199e-23
8035  803.549  6.245e-23
8128  812.849  6.293e-23
8222  822.249  6.341e-23
8318  831.849  6.39e-23
8414  841.449  6.44e-23
8511  851.149  6.491e-23
8610  861.049  6.542e-23
8710  871.049  6.595e-23
8810  881.049  6.648e-23
8913  891.349  6.702e-23
9016  901.649  6.757e-23
9120  912.049  6.813e-23
9226  922.649  6.87e-23
9333  933.349  6.928e-23
9441  944.149  6.988e-23
9550  955.049  1.156e-20
9661  966.149  1.138e-20
9772  977.249  7.172e-23
9886  988.649  7.23e-23
10000  1000.05  7.292e-23
10120  1012.05  7.356e-23
10230  1023.05  7.421e-23
10350  1035.05  7.487e-23
10470  1047.05  7.554e-23
10590  1059.05  7.622e-23
10720  1072.05  7.691e-23
10840  1084.05  7.761e-23
10960  1096.05  7.832e-23
11090  1109.05  7.904e-23
11220  1122.05  7.977e-23
11350  1135.05  8.052e-23
11480  1148.05  8.127e-23
11610  1161.05  8.203e-23
11750  1175.05  8.281e-23
11890  1189.05  8.359e-23
12020  1202.05  8.439e-23
12160  1216.05  8.52e-23
12300  1230.05  8.602e-23
12450  1245.05  8.685e-23
12590  1259.05  8.769e-23
12740  1274.05  5.8e-21
12880  1288.05  5.715e-21
13030  1303.05  9.029e-23
13180  1318.05  9.117e-23
13340  1334.05  9.207e-23
13490  1349.05  9.299e-23
13650  1365.05  9.391e-23
13800  1380.05  9.485e-23
13960  1396.05  9.58e-23
14130  1413.05  9.676e-23
14290  1429.05  9.774e-23
14450  1445.05  9.873e-23
14620  1462.05  9.973e-23
14790  1479.05  1.007e-22
14960  1496.05  1.018e-22
15140  1514.05  1.028e-22
15310  1531.05  1.039e-22
15490  1549.05  1.049e-22
15670  1567.05  1.06e-22
15850  1585.05  3.422e-21
16030  1603.05  3.372e-21
16220  1622.05  1.094e-22
16410  1641.05  1.105e-22
16600  1660.05  1.117e-22
16790  1679.05  1.128e-22
16980  1698.05  1.14e-22
17180  1718.05  1.152e-22
17380  1738.05  1.164e-22
17580  1758.05  1.177e-22
17780  1778.05  1.189e-22
17990  1799.05  1.202e-22
18200  1820.05  1.215e-22
18410  1841.05  1.228e-22
18620  1862.05  1.241e-22
18840  1884.05  1.254e-22
19050  1905.05  2.23e-21
19280  1928.05  2.197e-21
19500  1950.05  1.295e-22
19720  1972.05  1.309e-22
19950  1995.05  1.323e-22
20180  2018.05  1.337e-22
20420  2042.05  1.352e-22
20650  2065.05  1.366e-22
20890  2089.05  1.381e-22
21130  2113.05  1.396e-22
21380  2138.05  1.412e-22
21630  2163.05  1.427e-22
21880  2188.05  1.443e-22
22130  2213.05  1.458e-22
22390  2239.05  2.179e-21
22650  2265.05  1.491e-22
22910  2291.05  1.507e-22
23170  2317.05  1.524e-22
23440  2344.05  1.54e-22
23710  2371.05  1.557e-22
23990  2399.05  1.575e-22
24270  2427.05  1.592e-22
24550  2455.05  1.61e-22
24830  2483.05  1.627e-22
25120  2512.05  1.645e-22
25410  2541.05  1.142e-21
25700  2570.05  1.126e-21
26000  2600.05  1.701e-22
26300  2630.05  1.72e-22
26610  2661.05  1.739e-22
26920  2692.05  1.758e-22
27230  2723.05  1.778e-22
27540  2754.05  1.798e-22
27860  2786.05  1.818e-22
28180  2818.05  1.838e-22
28510  2851.05  8.755e-22
28840  2884.05  8.639e-22
29170  2917.05  1.901e-22
29510  2951.05  1.922e-22
29850  2985.05  1.944e-22
30200  3020.05  1.966e-22
30550  3055.05  1.988e-22
30900  3090.05  2.01e-22
31260  3126.05  2.033e-22
31620  3162.05  2.056e-22
31990  3199.05  9.585e-22
32360  3236.05  2.102e-22
32730  3273.05  2.126e-22
33110  3311.05  2.15e-22
33500  3350.05  2.174e-22
33880  3388.05  2.199e-22
34280  3428.05  2.224e-22
34670  3467.05  2.249e-22
35080  3508.05  7.8e-22
35480  3548.05  2.3e-22
35890  3589.05  2.326e-22
36310  3631.05  2.353e-22
36730  3673.05  2.38e-22
37150  3715.05  2.407e-22
37580  3758.05  2.434e-22
38020  3802.05  4.972e-22
38460  3846.05  4.931e-22
38900  3890.05  2.518e-22
39360  3936.05  2.547e-22
39810  3981.05  2.576e-22
40270  4027.05  2.605e-22
40740  4074.05  2.635e-22
41210  4121.05  4.454e-22
41690  4169.05  4.43e-22
42170  4217.05  2.726e-22
42660  4266.05  2.757e-22
43150  4315.05  2.789e-22
43650  4365.05  2.821e-22
44160  4416.05  2.853e-22
44670  4467.05  5.093e-22
45190  4519.05  2.919e-22
45710  4571.05  2.953e-22
46240  4624.05  2.987e-22
46770  4677.05  3.021e-22
47320  4732.05  3.056e-22
47860  4786.05  4.712e-22
48420  4842.05  3.127e-22
48980  4898.05  3.163e-22
49550  4955.05  3.2e-22
50120  5012.04  3.237e-22
50700  5070.04  3.929e-22
51290  5129.04  3.944e-22
51880  5188.04  3.355e-22
52480  5248.04  3.397e-22
53090  5309.04  3.442e-22
53700  5370.04  3.492e-22
54330  5433.04  4.426e-22
54950  5495.04  3.691e-22
55590  5559.04  4.702e-18
56230  5623.04  5.067e-18
56890  5689.04  3.999e-22
57540  5754.04  4.421e-22
58210  5821.04  3.78e-22
58880  5888.04  3.809e-22
59570  5957.04  3.846e-22
60260  6026.04  4.142e-22
60950  6095.04  4.175e-22
61660  6166.04  3.973e-22
62370  6237.04  4.017e-22
63100  6310.04  4.063e-22
63830  6383.04  4.477e-22
64570  6457.04  4.156e-22
65310  6531.04  4.204e-22
66070  6607.04  4.252e-22
66830  6683.04  4.445e-22
67610  6761.04  4.489e-22
68390  6839.04  4.4e-22
69180  6918.04  4.451e-22
69980  6998.04  4.613e-22
70790  7079.04  4.66e-22
71610  7161.04  4.606e-22
72440  7244.04  4.659e-22
73280  7328.04  4.88e-22
74130  7413.04  4.767e-22
74990  7499.04  4.822e-22
75860  7586.04  4.878e-22
76740  7674.04  5.064e-22
77620  7762.04  4.991e-22
78520  7852.04  5.048e-22
79430  7943.04  5.159e-22
80350  8035.04  5.216e-22
81280  8128.04  5.225e-22
82220  8222.04  5.285e-22
83180  8318.04  5.428e-22
84140  8414.04  5.408e-22
85110  8511.04  5.47e-22
86100  8610.04  5.599e-22
87100  8710.04  5.597e-22
88100  8810.04  5.662e-22
89130  8913.04  5.754e-22
90160  9016.04  5.819e-22
91200  9120.04  5.86e-22
92260  9226.04  5.95e-22
93330  9333.04  6.017e-22
94410  9441.04  6.065e-22
95500  9550.04  6.154e-22
96610  9661.04  6.224e-22
97720  9772.04  6.278e-22
98860  9886.04  6.38e-22
100000  10000  6.424e-22
