freq	hVirgo50W
0,1012	1,494E-9
0,1023	1,428E-9
0,1035	1,365E-9
0,1047	1,305E-9
0,1059	1,247E-9
0,1072	1,193E-9
0,1084	1,141E-9
0,1096	1,092E-9
0,1109	1,045E-9
0,1122	1,001E-9
0,1135	9,582E-10
0,1148	9,178E-10
0,1161	8,793E-10
0,1175	8,426E-10
0,1189	8,077E-10
0,1202	7,743E-10
0,1216	7,426E-10
0,123	7,124E-10
0,1245	6,835E-10
0,1259	6,56E-10
0,1274	6,298E-10
0,1288	6,047E-10
0,1303	5,809E-10
0,1318	5,582E-10
0,1334	5,365E-10
0,1349	5,157E-10
0,1365	4,96E-10
0,138	4,772E-10
0,1396	4,592E-10
0,1413	4,42E-10
0,1429	4,256E-10
0,1445	4,099E-10
0,1462	3,95E-10
0,1479	3,808E-10
0,1496	3,672E-10
0,1514	3,542E-10
0,1531	3,418E-10
0,1549	3,3E-10
0,1567	3,187E-10
0,1585	3,08E-10
0,1603	2,977E-10
0,1622	2,878E-10
0,1641	2,785E-10
0,166	2,696E-10
0,1679	2,611E-10
0,1698	2,53E-10
0,1718	2,453E-10
0,1738	2,379E-10
0,1758	2,309E-10
0,1778	2,243E-10
0,1799	2,18E-10
0,182	2,12E-10
0,1841	2,063E-10
0,1862	2,009E-10
0,1884	1,958E-10
0,1905	1,909E-10
0,1928	1,862E-10
0,195	1,819E-10
0,1972	1,778E-10
0,1995	1,74E-10
0,2018	1,704E-10
0,2042	1,671E-10
0,2065	1,64E-10
0,2089	1,612E-10
0,2113	1,586E-10
0,2138	1,562E-10
0,2163	1,542E-10
0,2188	1,523E-10
0,2213	1,507E-10
0,2239	1,494E-10
0,2265	1,484E-10
0,2291	1,478E-10
0,2317	1,474E-10
0,2344	1,474E-10
0,2371	1,477E-10
0,2399	1,486E-10
0,2427	1,5E-10
0,2455	1,52E-10
0,2483	1,547E-10
0,2512	1,582E-10
0,2541	1,631E-10
0,257	1,696E-10
0,26	1,785E-10
0,263	1,92E-10
0,2661	2,267E-10
0,2692	1,564E-10
0,2723	2,262E-10
0,2754	3,093E-10
0,2786	8,412E-10
0,2818	2,197E-9
0,2851	1,153E-10
0,2884	8,707E-11
0,2917	1,406E-10
0,2951	2,122E-10
0,2985	3,031E-10
0,302	4,445E-10
0,3055	7,837E-10
0,309	2,162E-9
0,3126	1,488E-9
0,3162	5,772E-10
0,3199	3,429E-10
0,3236	2,465E-10
0,3273	1,92E-10
0,3311	1,55E-10
0,335	1,285E-10
0,3388	1,09E-10
0,3428	9,455E-11
0,3467	8,334E-11
0,3508	7,411E-11
0,3548	6,645E-11
0,3589	6,005E-11
0,3631	5,463E-11
0,3673	5,011E-11
0,3715	4,625E-11
0,3758	4,289E-11
0,3802	3,997E-11
0,3846	3,742E-11
0,389	3,521E-11
0,3936	3,332E-11
0,3981	3,166E-11
0,4027	3,022E-11
0,4074	2,898E-11
0,4121	2,793E-11
0,4169	2,709E-11
0,4217	2,643E-11
0,4266	2,593E-11
0,4315	2,568E-11
0,4365	2,562E-11
0,4416	2,596E-11
0,4467	2,703E-11
0,4519	2,978E-11
0,4571	5,246E-11
0,4624	8,452E-12
0,4677	1,898E-11
0,4732	2,281E-11
0,4786	2,578E-11
0,4842	2,901E-11
0,4898	3,315E-11
0,4955	3,887E-11
0,5012	4,938E-11
0,507	7,153E-11
0,5129	1,187E-10
0,5188	5,381E-10
0,5248	1,739E-10
0,5309	7,827E-11
0,537	4,625E-11
0,5433	3,234E-11
0,5495	2,47E-11
0,5559	1,996E-11
0,5623	1,69E-11
0,5689	1,496E-11
0,5754	1,377E-11
0,5821	1,351E-11
0,5888	1,565E-11
0,5957	2,464E-11
0,6026	9,514E-10
0,6095	3,658E-12
0,6166	2,047E-12
0,6237	3,004E-12
0,631	3,423E-12
0,6383	3,706E-12
0,6457	4,117E-12
0,6531	5,022E-12
0,6607	1,089E-11
0,6683	4,822E-12
0,6761	1,054E-12
0,6839	1,873E-12
0,6918	2,416E-12
0,6998	2,887E-12
0,7079	3,443E-12
0,7161	4,216E-12
0,7244	5,788E-12
0,7328	1,063E-11
0,7413	4,175E-11
0,7499	2,781E-11
0,7586	6,67E-12
0,7674	3,94E-12
0,7762	2,704E-12
0,7852	1,999E-12
0,7943	1,56E-12
0,8035	1,26E-12
0,8128	1,086E-12
0,8222	9,131E-13
0,8318	7,989E-13
0,8414	7,129E-13
0,8511	6,461E-13
0,861	5,981E-13
0,871	5,651E-13
0,881	5,463E-13
0,8913	5,414E-13
0,9016	5,561E-13
0,912	6,052E-13
0,9226	7,528E-13
0,9333	3,908E-12
0,9441	2,322E-13
0,955	5,9E-13
0,9661	1,127E-12
0,9772	2,539E-12
0,9886	4,077E-12
1	1,221E-12
1,012	5,512E-13
1,023	3,438E-13
1,035	2,52E-13
1,047	7,296E-13
1,059	6,91E-13
1,072	2,63E-13
1,084	2,463E-13
1,096	2,695E-13
1,109	3,636E-13
1,122	2,845E-12
1,135	4,897E-12
1,148	2,089E-13
1,161	9,539E-14
1,175	5,651E-14
1,189	3,814E-14
1,202	2,771E-14
1,216	2,047E-14
1,23	1,549E-14
1,245	1,226E-14
1,259	9,978E-15
1,274	8,265E-15
1,288	6,959E-15
1,303	5,987E-15
1,318	5,246E-15
1,334	4,715E-15
1,349	4,362E-15
1,365	4,155E-15
1,38	4,11E-15
1,396	4,276E-15
1,413	4,75E-15
1,429	6,386E-15
1,445	1,803E-14
1,462	6,065E-13
1,479	6,704E-15
1,496	2,679E-15
1,514	1,611E-15
1,531	1,068E-15
1,549	7,336E-16
1,567	5,45E-16
1,585	4,104E-16
1,603	3,229E-16
1,622	2,625E-16
1,641	2,175E-16
1,66	1,845E-16
1,679	1,608E-16
1,698	1,446E-16
1,718	1,372E-16
1,738	1,388E-16
1,758	1,575E-16
1,778	2,041E-16
1,799	7,206E-15
1,82	7,499E-15
1,841	1,053E-16
1,862	4,437E-17
1,884	2,434E-17
1,905	1,477E-17
1,928	9,643E-18
1,95	6,649E-18
1,972	4,642E-18
1,995	3,284E-18
2,018	2,353E-18
2,042	1,704E-18
2,065	1,276E-18
2,089	9,587E-19
2,113	7,248E-19
2,138	5,521E-19
2,163	4,248E-19
2,188	3,344E-19
2,213	2,683E-19
2,239	2,189E-19
2,265	1,825E-19
2,291	1,559E-19
2,317	1,369E-19
2,344	1,234E-19
2,371	1,134E-19
2,399	1,057E-19
2,427	9,972E-20
2,455	9,492E-20
2,483	9,097E-20
2,512	8,752E-20
2,541	8,444E-20
2,57	8,162E-20
2,6	7,9E-20
2,63	7,654E-20
2,661	7,42E-20
2,692	7,196E-20
2,723	6,981E-20
2,754	6,773E-20
2,786	6,573E-20
2,818	6,38E-20
2,851	6,192E-20
2,884	6,011E-20
2,917	5,835E-20
2,951	5,665E-20
2,985	5,5E-20
3,02	5,34E-20
3,055	5,184E-20
3,09	5,034E-20
3,126	4,887E-20
3,162	4,746E-20
3,199	4,608E-20
3,236	4,475E-20
3,273	4,345E-20
3,311	4,219E-20
3,35	4,097E-20
3,388	3,979E-20
3,428	3,864E-20
3,467	3,753E-20
3,508	3,645E-20
3,548	3,54E-20
3,589	3,438E-20
3,631	3,339E-20
3,673	3,243E-20
3,715	3,15E-20
3,758	3,06E-20
3,802	2,972E-20
3,846	2,887E-20
3,89	2,804E-20
3,936	2,724E-20
3,981	2,646E-20
4,027	2,57E-20
4,074	2,497E-20
4,121	2,426E-20
4,169	2,357E-20
4,217	2,29E-20
4,266	2,224E-20
4,315	2,161E-20
4,365	2,1E-20
4,416	2,04E-20
4,467	1,982E-20
4,519	1,926E-20
4,571	1,872E-20
4,624	1,819E-20
4,677	1,768E-20
4,732	1,718E-20
4,786	1,67E-20
4,842	1,623E-20
4,898	1,578E-20
4,955	1,534E-20
5,012	1,491E-20
5,07	1,45E-20
5,129	1,41E-20
5,188	1,371E-20
5,248	1,334E-20
5,309	1,298E-20
5,37	1,263E-20
5,433	1,23E-20
5,495	1,197E-20
5,559	1,167E-20
5,623	1,137E-20
5,689	1,11E-20
5,754	1,084E-20
5,821	1,06E-20
5,888	1,039E-20
5,957	1,02E-20
6,026	1,006E-20
6,095	9,977E-21
6,166	9,976E-21
6,237	1,011E-20
6,31	1,048E-20
6,383	1,13E-20
6,457	1,314E-20
6,531	1,787E-20
6,607	2,964E-19
6,683	2,994E-19
6,761	2,62E-20
6,839	1,45E-20
6,918	1,08E-20
6,998	9,042E-21
7,079	8,025E-21
7,161	7,354E-21
7,244	6,867E-21
7,328	6,488E-21
7,413	6,176E-21
7,499	5,91E-21
7,586	5,675E-21
7,674	5,464E-21
7,762	5,27E-21
7,852	5,091E-21
7,943	4,922E-21
8,035	4,764E-21
8,128	4,614E-21
8,222	4,471E-21
8,318	4,334E-21
8,414	4,203E-21
8,511	4,077E-21
8,61	3,956E-21
8,71	3,839E-21
8,81	3,726E-21
8,913	3,618E-21
9,016	3,512E-21
9,12	3,411E-21
9,226	3,312E-21
9,333	3,217E-21
9,441	3,125E-21
9,55	3,036E-21
9,661	2,949E-21
9,772	2,865E-21
9,886	2,784E-21
10	2,705E-21
10,12	2,628E-21
10,23	2,554E-21
10,35	2,482E-21
10,47	2,411E-21
10,59	2,344E-21
10,72	2,278E-21
10,84	2,213E-21
10,96	2,151E-21
11,09	2,091E-21
11,22	2,032E-21
11,35	1,975E-21
11,48	1,92E-21
11,61	1,866E-21
11,75	1,814E-21
11,89	1,763E-21
12,02	1,714E-21
12,16	1,666E-21
12,3	1,62E-21
12,45	1,575E-21
12,59	1,531E-21
12,74	1,488E-21
12,88	1,447E-21
13,03	1,407E-21
13,18	1,368E-21
13,34	1,33E-21
13,49	1,293E-21
13,65	1,257E-21
13,8	1,222E-21
13,96	1,188E-21
14,13	1,155E-21
14,29	1,123E-21
14,45	1,092E-21
14,62	1,062E-21
14,79	1,033E-21
14,96	1,004E-21
15,14	9,768E-22
15,31	9,499E-22
15,49	9,237E-22
15,67	8,983E-22
15,85	8,736E-22
16,03	8,496E-22
16,22	8,263E-22
16,41	8,036E-22
16,6	7,816E-22
16,79	7,602E-22
16,98	7,394E-22
17,18	7,192E-22
17,38	6,995E-22
17,58	6,804E-22
17,78	6,619E-22
17,99	6,438E-22
18,2	6,263E-22
18,41	6,093E-22
18,62	5,927E-22
18,84	5,766E-22
19,05	5,61E-22
19,28	5,458E-22
19,5	5,31E-22
19,72	5,166E-22
19,95	5,027E-22
20,18	4,891E-22
20,42	4,759E-22
20,65	4,631E-22
20,89	4,507E-22
21,13	4,386E-22
21,38	4,268E-22
21,63	4,154E-22
21,88	4,043E-22
22,13	3,935E-22
22,39	3,83E-22
22,65	3,729E-22
22,91	3,63E-22
23,17	3,533E-22
23,44	3,44E-22
23,71	3,349E-22
23,99	3,261E-22
24,27	3,175E-22
24,55	3,091E-22
24,83	3,01E-22
25,12	2,932E-22
25,41	2,855E-22
25,7	2,781E-22
26	2,709E-22
26,3	2,639E-22
26,61	2,57E-22
26,92	2,504E-22
27,23	2,44E-22
27,54	2,377E-22
27,86	2,317E-22
28,18	2,258E-22
28,51	2,2E-22
28,84	2,145E-22
29,17	2,091E-22
29,51	2,038E-22
29,85	1,987E-22
30,2	1,938E-22
30,55	1,89E-22
30,9	1,843E-22
31,26	1,798E-22
31,62	1,754E-22
31,99	1,711E-22
32,36	1,669E-22
32,73	1,629E-22
33,11	1,59E-22
33,5	1,552E-22
33,88	1,515E-22
34,28	1,479E-22
34,67	1,444E-22
35,08	1,411E-22
35,48	1,378E-22
35,89	1,346E-22
36,31	1,315E-22
36,73	1,285E-22
37,15	1,256E-22
37,58	1,228E-22
38,02	1,201E-22
38,46	1,174E-22
38,9	1,149E-22
39,36	1,124E-22
39,81	1,1E-22
40,27	1,076E-22
40,74	1,053E-22
41,21	1,031E-22
41,69	1,01E-22
42,17	9,893E-23
42,66	9,692E-23
43,15	9,497E-23
43,65	9,308E-23
44,16	9,125E-23
44,67	8,948E-23
45,19	8,776E-23
45,71	8,61E-23
46,24	8,448E-23
46,77	8,292E-23
47,32	8,14E-23
47,86	7,994E-23
48,42	7,851E-23
48,98	7,714E-23
49,55	7,58E-23
50,12	7,451E-23
50,7	7,326E-23
51,29	7,205E-23
51,88	7,087E-23
52,48	6,974E-23
53,09	6,863E-23
53,7	6,757E-23
54,33	6,653E-23
54,95	6,553E-23
55,59	6,456E-23
56,23	6,363E-23
56,89	6,272E-23
57,54	6,184E-23
58,21	6,098E-23
58,88	6,016E-23
59,57	5,936E-23
60,26	5,858E-23
60,95	5,783E-23
61,66	5,71E-23
62,37	5,64E-23
63,1	5,571E-23
63,83	5,505E-23
64,57	5,441E-23
65,31	5,379E-23
66,07	5,318E-23
66,83	5,26E-23
67,61	5,203E-23
68,39	5,148E-23
69,18	5,095E-23
69,98	5,043E-23
70,79	4,992E-23
71,61	4,943E-23
72,44	4,896E-23
73,28	4,85E-23
74,13	4,805E-23
74,99	4,762E-23
75,86	4,719E-23
76,74	4,678E-23
77,62	4,638E-23
78,52	4,6E-23
79,43	4,562E-23
80,35	4,525E-23
81,28	4,489E-23
82,22	4,454E-23
83,18	4,42E-23
84,14	4,387E-23
85,11	4,355E-23
86,1	4,324E-23
87,1	4,293E-23
88,1	4,263E-23
89,13	4,234E-23
90,16	4,206E-23
91,2	4,178E-23
92,26	4,151E-23
93,33	4,124E-23
94,41	4,099E-23
95,5	4,073E-23
96,61	4,049E-23
97,72	4,025E-23
98,86	4,001E-23
100	3,978E-23
101,2	3,955E-23
102,3	3,933E-23
103,5	3,912E-23
104,7	3,89E-23
105,9	3,87E-23
107,2	3,849E-23
108,4	3,829E-23
109,6	3,81E-23
110,9	3,791E-23
112,2	3,772E-23
113,5	3,753E-23
114,8	3,735E-23
116,1	3,718E-23
117,5	3,7E-23
118,9	3,683E-23
120,2	3,666E-23
121,6	3,65E-23
123	3,634E-23
124,5	3,618E-23
125,9	3,602E-23
127,4	3,587E-23
128,8	3,572E-23
130,3	3,557E-23
131,8	3,543E-23
133,4	3,528E-23
134,9	3,514E-23
136,5	3,5E-23
138	3,487E-23
139,6	3,473E-23
141,3	3,46E-23
142,9	3,447E-23
144,5	3,435E-23
146,2	3,422E-23
147,9	3,41E-23
149,6	3,398E-23
151,4	3,386E-23
153,1	3,374E-23
154,9	3,363E-23
156,7	3,352E-23
158,5	3,341E-23
160,3	3,33E-23
162,2	3,319E-23
164,1	3,309E-23
166	3,298E-23
167,9	3,288E-23
169,8	3,278E-23
171,8	3,268E-23
173,8	3,259E-23
175,8	3,249E-23
177,8	3,24E-23
179,9	3,231E-23
182	3,222E-23
184,1	3,213E-23
186,2	3,205E-23
188,4	3,196E-23
190,5	3,188E-23
192,8	3,18E-23
195	3,172E-23
197,2	3,165E-23
199,5	3,157E-23
201,8	3,15E-23
204,2	3,142E-23
206,5	3,135E-23
208,9	3,129E-23
211,3	3,122E-23
213,8	3,115E-23
216,3	3,109E-23
218,8	3,103E-23
221,3	3,097E-23
223,9	3,091E-23
226,5	3,085E-23
229,1	3,08E-23
231,7	3,075E-23
234,4	3,069E-23
237,1	3,065E-23
239,9	3,06E-23
242,7	3,055E-23
245,5	3,051E-23
248,3	3,046E-23
251,2	3,042E-23
254,1	3,039E-23
257	3,035E-23
260	3,031E-23
263	3,028E-23
266,1	3,025E-23
269,2	3,022E-23
272,3	3,019E-23
275,4	3,017E-23
278,6	3,014E-23
281,8	3,012E-23
285,1	3,01E-23
288,4	3,009E-23
291,7	3,007E-23
295,1	3,006E-23
298,5	3,004E-23
302	3,004E-23
305,5	3,003E-23
309	3,002E-23
312,6	3,002E-23
316,2	3,002E-23
319,9	3,002E-23
323,6	3,002E-23
327,3	3,003E-23
331,1	3,004E-23
335	3,005E-23
338,8	3,006E-23
342,8	3,008E-23
346,7	3,01E-23
350,8	3,012E-23
354,8	3,014E-23
358,9	3,016E-23
363,1	3,019E-23
367,3	3,022E-23
371,5	3,025E-23
375,8	3,029E-23
380,2	3,033E-23
384,6	3,037E-23
389	3,041E-23
393,6	3,045E-23
398,1	3,05E-23
402,7	3,055E-23
407,4	3,061E-23
412,1	3,066E-23
416,9	3,072E-23
421,7	3,079E-23
426,6	3,085E-23
431,5	3,092E-23
436,5	3,099E-23
441,6	3,107E-23
446,7	3,114E-23
451,9	3,122E-23
457,1	3,131E-23
462,4	3,139E-23
467,7	3,148E-23
473,2	3,158E-23
478,6	3,167E-23
484,2	3,177E-23
489,8	3,188E-23
495,5	3,198E-23
501,2	3,209E-23
507	3,221E-23
512,9	3,232E-23
518,8	3,244E-23
524,8	3,257E-23
530,9	3,269E-23
537	3,283E-23
543,3	3,296E-23
549,5	3,31E-23
555,9	3,324E-23
562,3	3,339E-23
568,9	3,354E-23
575,4	3,369E-23
582,1	3,385E-23
588,8	3,401E-23
595,7	3,418E-23
602,6	3,435E-23
609,5	3,452E-23
616,6	3,47E-23
623,7	3,488E-23
631	3,507E-23
638,3	3,526E-23
645,7	3,545E-23
653,1	3,565E-23
660,7	3,586E-23
668,3	3,606E-23
676,1	3,628E-23
683,9	3,649E-23
691,8	3,672E-23
699,8	3,694E-23
707,9	3,717E-23
716,1	3,741E-23
724,4	3,765E-23
732,8	3,789E-23
741,3	3,814E-23
749,9	3,84E-23
758,6	3,866E-23
767,4	3,892E-23
776,2	3,919E-23
785,2	3,947E-23
794,3	3,975E-23
803,5	4,003E-23
812,8	4,032E-23
822,2	4,062E-23
831,8	4,092E-23
841,4	4,122E-23
851,1	4,153E-23
861	4,185E-23
871	4,217E-23
881	4,25E-23
891,3	4,283E-23
901,6	4,317E-23
912	4,352E-23
922,6	4,387E-23
933,3	4,422E-23
944,1	4,458E-23
955	4,495E-23
966,1	4,533E-23
977,2	4,571E-23
988,6	4,609E-23
1000	4,648E-23
1012	4,688E-23
1023	4,729E-23
1035	4,77E-23
1047	4,811E-23
1059	4,854E-23
1072	4,897E-23
1084	4,94E-23
1096	4,985E-23
1109	5,03E-23
1122	5,075E-23
1135	5,122E-23
1148	5,169E-23
1161	5,216E-23
1175	5,265E-23
1189	5,314E-23
1202	5,364E-23
1216	5,414E-23
1230	5,465E-23
1245	5,517E-23
1259	5,57E-23
1274	5,624E-23
1288	5,678E-23
1303	5,733E-23
1318	5,789E-23
1334	5,845E-23
1349	5,902E-23
1365	5,96E-23
1380	6,019E-23
1396	6,079E-23
1413	6,14E-23
1429	6,201E-23
1445	6,263E-23
1462	6,326E-23
1479	6,39E-23
1496	6,455E-23
1514	6,52E-23
1531	6,587E-23
1549	6,654E-23
1567	6,722E-23
1585	6,791E-23
1603	6,861E-23
1622	6,932E-23
1641	7,004E-23
1660	7,077E-23
1679	7,151E-23
1698	7,225E-23
1718	7,301E-23
1738	7,378E-23
1758	7,455E-23
1778	7,534E-23
1799	7,613E-23
1820	7,694E-23
1841	7,776E-23
1862	7,859E-23
1884	7,942E-23
1905	8,027E-23
1928	8,113E-23
1950	8,2E-23
1972	8,289E-23
1995	8,378E-23
2018	8,468E-23
2042	8,56E-23
2065	8,652E-23
2089	8,746E-23
2113	8,841E-23
2138	8,937E-23
2163	9,035E-23
2188	9,133E-23
2213	9,233E-23
2239	9,334E-23
2265	9,436E-23
2291	9,539E-23
2317	9,644E-23
2344	9,75E-23
2371	9,858E-23
2399	9,966E-23
2427	1,008E-22
2455	1,019E-22
2483	1,03E-22
2512	1,041E-22
2541	1,053E-22
2570	1,065E-22
2600	1,076E-22
2630	1,088E-22
2661	1,101E-22
2692	1,113E-22
2723	1,125E-22
2754	1,138E-22
2786	1,15E-22
2818	1,163E-22
2851	1,176E-22
2884	1,19E-22
2917	1,203E-22
2951	1,216E-22
2985	1,23E-22
3020	1,244E-22
3055	1,258E-22
3090	1,272E-22
3126	1,286E-22
3162	1,301E-22
3199	1,315E-22
3236	1,33E-22
3273	1,345E-22
3311	1,36E-22
3350	1,376E-22
3388	1,391E-22
3428	1,407E-22
3467	1,423E-22
3508	1,439E-22
3548	1,455E-22
3589	1,472E-22
3631	1,489E-22
3673	1,506E-22
3715	1,523E-22
3758	1,54E-22
3802	1,558E-22
3846	1,575E-22
3890	1,593E-22
3936	1,611E-22
3981	1,63E-22
4027	1,648E-22
4074	1,667E-22
4121	1,686E-22
4169	1,706E-22
4217	1,725E-22
4266	1,745E-22
4315	1,765E-22
4365	1,785E-22
4416	1,806E-22
4467	1,826E-22
4519	1,847E-22
4571	1,869E-22
4624	1,89E-22
4677	1,912E-22
4732	1,934E-22
4786	1,957E-22
4842	1,979E-22
4898	2,003E-22
4955	2,026E-22
5012	2,05E-22
5070	2,075E-22
5129	2,101E-22
5188	2,127E-22
5248	2,156E-22
5309	2,187E-22
5370	2,225E-22
5433	2,282E-22
5495	2,422E-22
5559	5,015E-18
5623	7,527E-18
5689	2,599E-22
5754	2,414E-22
5821	2,402E-22
5888	2,415E-22
5957	2,436E-22
6026	2,461E-22
6095	2,487E-22
6166	2,514E-22
6237	2,542E-22
6310	2,57E-22
6383	2,6E-22
6457	2,629E-22
6531	2,659E-22
6607	2,689E-22
6683	2,72E-22
6761	2,751E-22
6839	2,783E-22
6918	2,815E-22
6998	2,847E-22
7079	2,88E-22
7161	2,913E-22
7244	2,947E-22
7328	2,981E-22
7413	3,015E-22
7499	3,05E-22
7586	3,085E-22
7674	3,12E-22
7762	3,156E-22
7852	3,193E-22
7943	3,23E-22
8035	3,267E-22
8128	3,305E-22
8222	3,343E-22
8318	3,381E-22
8414	3,42E-22
8511	3,46E-22
8610	3,5E-22
8710	3,54E-22
8810	3,581E-22
8913	3,622E-22
9016	3,664E-22
9120	3,706E-22
9226	3,749E-22
9333	3,792E-22
9441	3,836E-22
9550	3,88E-22
9661	3,925E-22
9772	3,971E-22
9886	4,016E-22
10000	4,063E-22
