1              22.3893      3.287841e-24         0.0018006
2             60.45087      1.440591e-24      0.0007463713
3             8.435279      1.083604e-24       0.002306646
4             5.196274      1.050659e-24        0.01068231
5             6.140917      7.370283e-25         0.0943577

6              4.83442      6.532198e-25       0.006614548
7             13.27514      4.445611e-25        0.01382679
8             30.43402      4.324893e-25       0.001414478
9             19.51996      4.218844e-25       0.001907641
10              14.614      3.775114e-25       0.008366642

11            32.32811      3.387227e-25       0.001319294
12            38.74199      3.308185e-25      0.0006259457
13            4.902406      3.012106e-25        0.09965993
14            12.04034      2.901873e-25        0.00775022
15            20.24005      2.549994e-25       0.001467252

16            1.693447      2.423972e-25         0.1128218
17            18.75596      2.416213e-25       0.001957097
18            16.17198      2.386939e-25       0.002574664
19            12.97967      2.211971e-25       0.001690366
20            7.478324      2.155833e-25        0.01204232

21            3.295508      2.153565e-25        0.06157105
22             2.60076      2.105995e-25        0.02947449
23            14.96257      2.050977e-25       0.003416917
24            4.037387      2.039189e-25        0.02925116
25            1.607176      1.847844e-25        0.02234816

26            16.00971      1.769114e-25       0.003012169
27            28.83637      1.741498e-25       0.001280748
28            14.76267       1.73802e-25       0.008251532
29              19.707      1.684579e-25       0.001691754
30            8.632081       1.62711e-25        0.01496628

31            8.829335      1.600398e-25      0.0006996231
32            1.710852      1.520774e-25         0.3639661
33            25.56938      1.481163e-25      0.0008235371
34            14.34101      1.475617e-25       0.002893432
35            8.315183      1.429105e-25         0.0106441

36            11.99312      1.354415e-25       0.001684763
37            3.768888      1.270677e-25       0.003048603
38            1.683625      1.255214e-25        0.01509104
39            50.59296      1.239681e-25      0.0001146197
40            7.947271      1.237483e-25       0.008105397

41            12.78916      1.228626e-25      0.0007822001
42            21.88106       1.22655e-25      0.0006693404
43            24.17009      1.206861e-25      0.0007255442
44             4.64439      1.194376e-25       0.006290059
45            4.486831      1.193527e-25        0.02744424

46            29.33417      1.163648e-25      0.0009793204
47            6.936093       1.15772e-25       0.003508198
48            22.84534       1.15659e-25      0.0008957807
49            3.012821      1.140792e-25        0.02450848
50            10.34448      1.078601e-25        0.00815828

51            82.34602      1.074839e-25      0.0001500541
52             14.2978      1.059889e-25       0.002390234
53            23.75249      1.050307e-25      0.0005463223
54            9.800649      1.034265e-25        0.00423019
55            1.237524      9.819059e-26         0.2069695

56            5.392536      9.815514e-26       0.002172828
57            64.14039      9.546778e-26      0.0002071547
58            7.903103      9.340736e-26      0.0003680855
59            13.97055      9.283519e-26      0.0006258781
60            6.933454      9.276961e-26       0.007380356

61            12.05495      9.223535e-26       0.001850576
62            6.270743      9.102059e-26        0.00845821
63            10.14674      9.062678e-26       0.001274924
64            19.71627      9.044715e-26      0.0004713556
65            20.76968      8.918272e-26       0.001211438

66             4.51062      8.857274e-26        0.01611365
67            1.781989      8.782748e-26        0.09792233
68            1.216825      8.730643e-26        0.02735116
69            4.937743       8.66698e-26        0.01204712
70             12.9847      8.660382e-26       0.002805682

71            9.418294      8.659596e-26      0.0005360072
72            1.801587      8.463566e-26         0.2461091
73            2.458655       8.43936e-26         0.1128656
74            10.98082      8.341503e-26         0.0033923
75            8.635454      8.197903e-26       0.007139142

76            20.80504      8.197486e-26       0.000202587
77            1.570144      8.178748e-26        0.02261152
78            6.689244      8.035545e-26       0.002006008
79            26.78455       7.99907e-26      0.0004475342
80            38.34881      7.932016e-26      0.0008960792

81            7.002197      7.916863e-26        0.01681383
82            2.992185        7.7014e-26        0.01547162
83            41.87385      7.650608e-26      9.500086e-05
84            4.440178       7.60797e-26        0.02148003
85            3.345773      7.597826e-26        0.02004659

86            12.25146      7.586667e-26       0.001669898
87            18.62432      7.511182e-26       0.001908475
88            17.48742      7.462917e-26      0.0007877729
89             6.94927      7.432443e-26       0.009528411
90            3.952907      7.361388e-26       0.006422121

91            14.31024      7.347918e-26       0.001759502
92            2.410136      7.186837e-26        0.05832754
93            5.970863      7.163646e-26       0.009016288
94            7.169571       7.15281e-26       0.001923237
95            4.411173      7.031389e-26        0.02572411

96            1.856835      6.998767e-26         0.2471185
97            8.468362      6.884167e-26        0.00228095
98            24.72109      6.873575e-26       0.001094536
99            8.845365      6.777385e-26        0.00629769
100           4.236959       6.76816e-26       0.003569041

101            2.09779      6.747363e-26        0.04122093
102           22.49168      6.722786e-26      0.0004843459
103           13.88195      6.675449e-26        0.00148548
104           5.443232      6.602726e-26       0.004387958
105           29.73233      6.548002e-26      0.0003036186

106           8.499672      6.422788e-26       0.003980796
107            1.01959      6.341298e-26        0.05485799
108           3.555191      6.332601e-26       0.007256666
109           2.882893      6.332585e-26       0.005049073
110           6.513137      6.281949e-26       0.004822386

111           3.062534        6.2383e-26       0.007996458
112           5.599812      6.212679e-26       0.007820914
113           7.181817      6.177267e-26       0.005441998
114           10.83846      6.117845e-26       0.007809229
115           2.314206      6.018388e-26        0.04042493

116           7.190694      5.928851e-26       0.006350009
117           7.340779      5.919105e-26       0.002807533
118           13.96184       5.90243e-26        0.00147619
119           7.257484      5.877734e-26       0.004035438
120           4.938512      5.791397e-26        0.01128455

121           1.207409      5.790231e-26        0.02030348
122            31.6491      5.705263e-26      0.0003812077
123           3.898788      5.703628e-26        0.01690785
124           8.130915      5.701204e-26       0.002889884
125           2.020802      5.685784e-26        0.06906588

126            5.86976      5.651521e-26       0.001847826
127           2.627451      5.631977e-26        0.01861222
128           10.07883      5.603222e-26       0.004704699
129           1.615111      5.561185e-26        0.05287539
130           55.69694      5.509637e-26      7.532302e-05

131           8.119269      5.471958e-26        0.00335526
132           6.760467      5.440815e-26       0.008406958
133           11.14301      5.418267e-26      0.0007600862
134           1.700727      5.417837e-26        0.07305393
135           8.543337      5.394416e-26        0.00245576

136           5.251676      5.364517e-26        0.01524595
137           12.12491       5.35568e-26        0.00196917
138           3.089792       5.33054e-26        0.02510705
139           3.791714      5.281365e-26       0.005146668
140           9.238891      5.277962e-26        0.00135216

141           4.979762       5.22347e-26       0.001256238
142            1.45597      5.198755e-26        0.01996559
143           13.84373      5.191886e-26       0.002513244
144           5.172971      5.175373e-26        0.01032595
145           2.755838      5.162213e-26        0.02419391

146           39.60489      5.160395e-26       0.001498028
147           5.311104      5.138143e-26       0.003603897
148           1.408292      5.120397e-26         0.1290452
149           27.75787      5.033233e-26      0.0004489529
150           1.207722      4.965481e-26         0.3844651

151           5.924419      4.946548e-26       0.004589428
152           3.643391      4.940918e-26         0.0058844
153           7.040906      4.928791e-26       0.001562359
154           1.558045      4.925461e-26        0.03169277
155           1.275515      4.894137e-26        0.02249684

156           5.282312      4.848753e-26        0.00315844
157           6.344675      4.838145e-26         0.0106039
158           4.524937      4.807022e-26         0.0165798
159            2.93022      4.794495e-26        0.01057211
160           3.920336      4.780624e-26       0.009569977

161           5.303372      4.736473e-26        0.01007529
162           1.577865      4.703928e-26        0.02164193
163           2.870427      4.687038e-26        0.03597257
164             8.4252      4.684952e-26       0.003936178
165           23.45099      4.661431e-26      0.0004549561

166           5.483876      4.652615e-26       0.003807893
167           1.821982      4.639696e-26        0.01296633
168           2.205128      4.635806e-26        0.06091875
169           3.694096      4.629063e-26       0.007514186
170           18.73456      4.559198e-26       0.000818965

171           6.539579      4.551981e-26       0.006488977
172           9.386382      4.482797e-26       0.004387938
173           5.030374      4.444911e-26       0.003741403
174           6.612705      4.387222e-26       0.002440922
175            2.09085      4.378328e-26        0.05631685

176           2.553673      4.367191e-26        0.01420067
177           2.373071      4.367124e-26        0.01908696
178           29.09989      4.346238e-26      0.0003950125
179           9.189374      4.332676e-26       0.001559118
180           3.590543      4.278011e-26        0.01768558

181           1.392193      4.246591e-26        0.07446044
182            3.13202      4.233703e-26       0.007272451
183           7.163661      4.214996e-26       0.004237534
184           2.378861      4.200601e-26         0.0117349
185           1.249911      4.128882e-26         0.1626212

186            9.67827      4.107393e-26       0.003872951
187           19.27879      4.100732e-26       0.001971938
188           3.797356      4.091847e-26        0.01079872
189            10.9594      4.072282e-26       0.001068803
190           2.799083      4.071131e-26       0.005214095

191           4.604339      4.049185e-26       0.005785921
192           4.151192      4.037818e-26        0.02222585
193           3.688979      4.032232e-26         0.0127344
194           2.401705      4.029871e-26       0.005224783
195           2.601889      4.000674e-26        0.02483865

196           3.171833      3.994579e-26       0.003307672
197           4.229812      3.961682e-26        0.01299627
198           6.194205      3.947115e-26       0.003106625
199            8.97065      3.939036e-26       0.003799666
200           2.912461      3.911176e-26        0.02213016

201           1.378056      3.909433e-26        0.07171618
202           1.495548      3.877526e-26        0.01083147
203           10.27586      3.808335e-26       0.001389578
204           7.132061       3.79797e-26       0.004495397
205           17.73058      3.772504e-26       0.000249917

206           3.481893      3.768296e-26       0.005649435
207            9.86573       3.74273e-26       0.001557985
208           4.885801      3.738983e-26       0.006272084
209           5.499396      3.709076e-26       0.005677199
210           9.494494      3.706313e-26       0.001350571

211           4.741401          3.68e-26       0.000914273
212           5.367412      3.676583e-26       0.002174585
213           12.00236      3.652353e-26       0.002565706
214           1.435251      3.638616e-26         0.1621966
215           6.031625      3.589217e-26       0.002530986

216           2.474857      3.555451e-26        0.02758593
217           6.637665      3.546148e-26       0.001386714
218           13.11373      3.534087e-26       0.000521374
219           2.088518      3.515166e-26        0.01022265
220           2.704525      3.500623e-26       0.008472164

221           4.338638      3.496685e-26       0.006225044
222           7.149773      3.465749e-26       0.002714829
223           1.081713      3.464773e-26        0.01513679
224           7.593683       3.45955e-26       0.000255574
225           16.83907      3.447728e-26       0.000440844

226           1.656222      3.398298e-26        0.07060095
227           3.344057      3.384853e-26       0.007020176
228           6.974545      3.368139e-26       0.001173277
229           6.120434      3.299016e-26       0.005444057
230           1.007761      3.288145e-26        0.03003664

231           2.476582      3.280141e-26       0.001215032
232           4.773625      3.272211e-26       0.008346466
233           2.694138      3.263401e-26       0.004383868
234           5.251138      3.251761e-26       0.005682232
235           1.143968      3.236467e-26        0.03207404

236           5.329114      3.225027e-26       0.005547056
237           4.395027      3.195342e-26       0.008299646
238           2.116886       3.19476e-26        0.02233885
239           3.728466      3.186693e-26        0.00987372
240           2.355899      3.172039e-26       0.004219969

241           15.97067      3.171463e-26      0.0004049126
242           3.865445       3.16843e-26        0.01455367
243           4.228371      3.153351e-26       0.002437634
244           2.679905      3.132495e-26        0.02316349
245           5.026617      3.128425e-26       0.008767287

246           1.876065      3.124316e-26        0.03058791
247           4.809691      3.113665e-26        0.01718853
248           2.703865      3.110572e-26       0.008579054
249           3.779312      3.066169e-26       0.004064342
250           15.68618      3.045942e-26      0.0006913991

251           2.984908      3.043116e-26       0.002489642
252           5.063986      3.004958e-26       0.004082167
253           124.0524      3.003148e-26      8.885894e-05
254           13.76019      2.999464e-26      0.0007003275
255           4.497969      2.998884e-26       0.002231071

256           2.887872      2.977992e-26        0.01429873
257           8.750281      2.974058e-26         0.0025592
258           3.745899      2.956936e-26       0.002892594
259           5.942571      2.944862e-26       0.006954751
260           4.943796       2.94212e-26       0.006062343

261           3.451749      2.939323e-26       0.004834246
262           3.815695      2.927836e-26       0.008756826
263           7.119837      2.919523e-26       0.001259428
264           4.809738      2.906505e-26        0.01026428
265           11.70042      2.906415e-26       0.001396783

266           10.74409        2.8891e-26       0.001224908
267           1.941744        2.8841e-26       0.007024053
268           19.71692      2.871548e-26      0.0004601015
269           3.668024      2.854013e-26       0.003012121
270           3.720074      2.845576e-26        0.00301709

271            8.21719       2.84421e-26       0.001595014
272           6.001629       2.83168e-26       0.007144414
273           2.787425      2.801679e-26        0.02007145
274           4.620366      2.791411e-26       0.003465919
275           1.277465       2.78689e-26        0.02845275

276           2.054667      2.779108e-26        0.01009548
277           2.271874      2.777568e-26        0.01390748
278           3.528991      2.768891e-26       0.009744849
279           2.120536      2.761788e-26        0.01558201
280           30.91853      2.727992e-26      0.0002674423

281           3.074868       2.71901e-26       0.002368463
282           1.662715      2.707762e-26        0.01288781
283           1.033871      2.707179e-26        0.05946013
284           2.678892      2.707056e-26        0.01396218
285           8.375987      2.706163e-26       0.002490324

286           32.41695      2.704095e-26      0.0002708769
287           7.400433      2.701618e-26       0.001344905
288           4.371567      2.691371e-26       0.008185724
289           2.081073      2.685021e-26        0.06379579
290           4.108879      2.666979e-26       0.006893874

291           1.536207       2.66546e-26        0.03090012
292           2.546341       2.65894e-26       0.006987751
293           3.754467      2.647297e-26       0.004071281
294           5.077446      2.633897e-26       0.003094908
295           7.887803      2.603768e-26       0.001041923

296           1.441354      2.592126e-26        0.01122091
297           5.775549      2.579019e-26       0.006133404
298           10.56329      2.576436e-26       0.001136617
299           3.363741      2.558482e-26         0.0065287
300           5.326751      2.552305e-26         0.0018989

301           9.632254       2.54964e-26       0.001698735
302           3.337533      2.542136e-26        0.00557387
303           7.821688      2.540921e-26       0.002429787
304           7.316027      2.521051e-26       0.001154836
305           8.584559       2.51633e-26       0.001124865

306           3.234374      2.499337e-26        0.00687555
307           2.224155      2.495296e-26        0.02024637
308           13.44118      2.493108e-26      0.0005878526
309           2.104624      2.490487e-26        0.05519549
310           7.827901      2.485233e-26        0.00112879

311           6.020367      2.479349e-26       0.003671676
312           1.446708      2.469782e-26       0.009606936
313            2.82062      2.468437e-26       0.003377694
314           6.939164      2.462656e-26       0.001433081
315           6.242853       2.44901e-26       0.002557893

316           8.563821      2.445371e-26       0.002278958
317           3.939161       2.44331e-26       0.008928682
318           3.472395      2.428001e-26        0.01244782
319            6.51089      2.421201e-26       0.001692326
320           1.659235      2.414233e-26        0.03486598

321           9.280427      2.412171e-26       0.001887738
322           5.861445      2.398765e-26       0.002564482
323           2.595312      2.397002e-26        0.01209409
324           3.394459      2.395236e-26       0.006336546
325           4.842789      2.373101e-26         0.0037645

326           2.536933       2.36722e-26        0.02405959
327           1.657273      2.360241e-26        0.01228385
328           3.714235      2.357505e-26       0.003963413
329           3.010382      2.354172e-26        0.01561558
330           10.35704      2.348051e-26       0.001663954

331            4.20705      2.336799e-26       0.007211596
332           9.825457      2.331736e-26      0.0007819691
333           5.345921      2.329214e-26        0.00604881
334           4.597064      2.328038e-26        0.00811331
335           6.529055      2.324604e-26      0.0009756623

336           2.089335        2.3161e-26        0.02556516
337           10.38415      2.308682e-26       0.001147171
338           5.343856      2.303542e-26       0.003298829
339           3.854025      2.302712e-26       0.002641634
340           1.461047       2.30214e-26        0.01153642

341           3.774203      2.298058e-26        0.01011016
342           5.575093      2.291404e-26       0.003175399
343           4.397158      2.285963e-26       0.001779556
344           1.659333      2.251353e-26        0.02709155
345           7.594608      2.246564e-26       0.003392231

346           5.622318      2.238483e-26        0.00193736
347           5.403344      2.228112e-26       0.003908395
348           2.813612      2.227664e-26         0.0316999
349           5.824075      2.217084e-26       0.001670634
350            5.48077      2.213944e-26       0.003530397

351           4.136856      2.209462e-26       0.007125309
352           1.765106      2.177986e-26       0.008602925
353           3.554224      2.165343e-26       0.008746117
354           1.778037      2.165159e-26       0.006353653
355           39.95849      2.147928e-26      0.0003820432

356           3.902075      2.141076e-26       0.005950287
357            3.25332      2.140311e-26        0.01621423
358           1.547698      2.137948e-26       0.003633142
359           1.791959      2.134964e-26       0.009000366
360           6.145992      2.131964e-26       0.003227173

361           3.506985      2.125866e-26        0.00374708
362           7.822367      2.119134e-26      0.0007638843
363           1.792037      2.109848e-26         0.1342764
364           1.915135      2.106514e-26        0.03251293
365           10.83998      2.092517e-26      0.0003776154

366           3.839216      2.088564e-26       0.006291077
367           1.439258       2.07882e-26        0.01795522
368           4.640468      2.066876e-26        0.01048543
369           9.947152      2.062561e-26      0.0009886362
370           4.156977      2.058192e-26       0.007430287

371           5.344794      2.054715e-26       0.002124388
372           2.687105      2.042242e-26        0.02358866
373           2.056706      2.027922e-26       0.007442868
374           1.849577      2.019764e-26        0.02682789
375           3.188342      2.019459e-26        0.01322057

376           1.170169      2.018795e-26         0.1175159
377           3.152812      2.009639e-26       0.009320526
378           7.698921      1.989785e-26       0.002148239
379           11.07472      1.978696e-26        0.00206939
380           6.511837      1.973849e-26       0.002419183

381           5.720971      1.972846e-26       0.002213987
382           5.698603      1.972155e-26       0.006404408
383           4.331698      1.966273e-26       0.003104998
384           3.777569      1.966208e-26        0.01001741
385           4.277011       1.96601e-26        0.00485303

386           2.143253      1.964714e-26        0.01437376
387           3.369649      1.960502e-26       0.002321004
388           1.191069      1.959117e-26        0.03202893
389           4.297705      1.956284e-26       0.005213765
390           3.223475      1.954408e-26       0.002546198

391           7.780403      1.951949e-26      0.0007936467
392           7.711204      1.946771e-26       0.001803778
393            2.56966      1.942574e-26       0.007185147
394           3.184811       1.93998e-26        0.01075488
395            4.34462      1.937055e-26       0.007713445

396           2.327768      1.921195e-26        0.02221976
397           6.804383       1.91738e-26       0.004018316
398           3.577361      1.915713e-26       0.009494435
399           14.87996      1.915121e-26      0.0006353956
400           1.010689       1.89995e-26        0.04912477

401            5.80311      1.897951e-26       0.003953403
402           3.032913      1.892873e-26       0.007402435
403           1.201561      1.886524e-26        0.02845035
404           1.572005      1.884952e-26        0.02397287
405           1.296425      1.884421e-26        0.02101542

406            3.44329      1.883403e-26       0.009173087
407            3.23529      1.880339e-26         0.0069384
408           3.278894      1.877773e-26        0.01081323
409           5.158765      1.876992e-26       0.001942914
410            30.7873      1.869653e-26      0.0005601812

411           10.43765       1.86393e-26      0.0007401675
412            2.66788      1.860673e-26        0.01650642
413           3.099322      1.847754e-26        0.01336584
414           5.859325      1.838031e-26      0.0005321528
415            3.44933      1.834488e-26        0.01129733

416           1.949639      1.833352e-26        0.03369638
417           3.015131      1.830206e-26        0.01385516
418           2.087702       1.82425e-26         0.0187016
419           2.486507      1.823936e-26       0.005724973
420           7.832091      1.822658e-26      0.0008804075

421           2.018109      1.822166e-26        0.01177424
422           1.966668      1.821298e-26        0.01453201
423           7.559781      1.814878e-26       0.001394878
424            6.28139      1.813763e-26       0.002371675
425           1.844985      1.810922e-26         0.0245767

426           7.051159      1.804065e-26       0.001480465
427           3.407235       1.80354e-26       0.007603291
428            14.2924      1.798093e-26       0.001237422
429           2.618093      1.795409e-26        0.02633343
430           3.714491      1.787927e-26       0.003336642

431           1.600098       1.78605e-26        0.05078278
432           5.181297      1.781447e-26       0.001532763
433           9.980852       1.76988e-26      0.0003767438
434           1.687765      1.765542e-26        0.01613527
435           2.421496      1.756698e-26       0.009132193

436           2.602476      1.751504e-26       0.003623171
437             9.2126      1.747902e-26       0.004528885
438           7.091904      1.742124e-26      0.0006754762
439           4.274471        1.7411e-26       0.004600642
440           5.244948      1.730904e-26       0.001483131

441           8.328015      1.730099e-26       0.002035563
442           1.111484       1.72865e-26         0.1817373
443           2.351102      1.728073e-26        0.02627978
444           6.872361      1.714971e-26       0.001522783
445           1.911832      1.708315e-26        0.01884811

446           3.318191      1.697823e-26       0.005678436
447           1.976882       1.69567e-26         0.0246856
448            1.61534      1.695666e-26        0.01205752
449           6.766347      1.695628e-26       0.002005431
450            2.32729      1.690438e-26         0.0148908

451            5.78734      1.686848e-26       0.001497053
452           3.280801      1.675774e-26       0.008223929
453           1.830918      1.658131e-26        0.02523825
454           3.977703      1.654477e-26       0.002692493
455           9.951229      1.651683e-26      0.0004357845

456           3.241298       1.65149e-26       0.003794615
457           1.605322      1.650389e-26       0.006304992
458           1.363494      1.649463e-26        0.01889767
459           2.439054      1.645449e-26        0.01788347
460           1.051543      1.643367e-26        0.02588738

461           1.787964      1.636985e-26       0.008580052
462           1.419381      1.618472e-26       0.009430151
463           1.660242      1.618315e-26        0.03629303
464           2.598808      1.612866e-26       0.005651702
465           5.517362      1.612242e-26       0.003053333

466           1.714606      1.609754e-26        0.04970948
467           5.010229      1.608309e-26       0.003214546
468           7.227362      1.606254e-26       0.001047964
469            1.25595      1.605328e-26        0.04682142
470           5.092896      1.605232e-26       0.001312338

471            1.14315      1.603963e-26        0.02498135
472           1.308794      1.601478e-26        0.02327681
473           1.679227      1.595971e-26         0.0107694
474           10.07803      1.591353e-26      0.0006926621
475           347.3759      1.589108e-26      1.994635e-08

476           6.362226      1.588154e-26       0.002380795
477           16.51305      1.583945e-26      0.0005355921
478           10.28518      1.583857e-26      0.0007540377
479           2.365891      1.583496e-26         0.0199514
480           5.398352      1.581366e-26       0.001772224

481           4.369851      1.576834e-26       0.004197749
482           1.783227      1.575702e-26        0.01707464
483           5.431145      1.574096e-26        0.00323309
484           7.025001      1.572539e-26      0.0009562192
485           11.18841      1.569746e-26      0.0004641503

486           3.506867      1.567812e-26         0.0131182
487           5.026926      1.564906e-26       0.005293716
488             1.3843       1.56128e-26        0.02259838
489           22.77019      1.555167e-26      0.0001311824
490           3.997965      1.553678e-26       0.007766314

491           2.121001      1.552775e-26       0.003528906
492           4.484862      1.550573e-26       0.003670722
493           5.167733      1.550534e-26       0.002077603
494           2.645528      1.548147e-26        0.01798747
495           7.661388      1.543599e-26      0.0004978965

496           2.993541      1.540827e-26        0.01987415
497           10.18738      1.526105e-26      0.0002658781
498           1.405381      1.520487e-26        0.01916637
499           2.453443      1.520003e-26       0.005139496
500           2.507906      1.516587e-26        0.01237182

501           2.432354       1.51412e-26       0.009133505
502           5.929074      1.507916e-26       0.001141035
503           6.556575      1.504465e-26        0.00169624
504           1.066088      1.497296e-26        0.09365941
505           1.384415      1.496471e-26        0.01071749

506           2.177676      1.495283e-26        0.02193884
507           3.104361      1.495206e-26       0.009928715
508           12.78778      1.490848e-26      0.0005031544
509           1.138171      1.489546e-26        0.02166117
510           7.096164      1.488825e-26       0.001724116

511           7.368272      1.487094e-26       0.001955096
512            3.88349      1.485582e-26       0.004401326
513            8.57169      1.480786e-26      0.0006124264
514           1.815616      1.466848e-26        0.04987449
515           15.54072      1.464319e-26      0.0007289311

516           1.277777      1.462748e-26        0.06878118
517           20.06806      1.462513e-26       0.001031335
518           2.165931      1.460649e-26        0.01576884
519           2.457938      1.457714e-26        0.01260838
520           5.873668      1.457181e-26        0.00195121

521           6.704356      1.453014e-26        0.00147194
522           2.389063      1.444424e-26        0.01890191
523           3.021184      1.442002e-26       0.003634187
524           1.469791      1.439175e-26         0.0129915
525           3.173023      1.438585e-26        0.01279587

526           4.595653      1.430816e-26       0.004886904
527             2.3406      1.430658e-26        0.02091419
528           1.210022      1.425811e-26        0.01567161
529           1.853648      1.417867e-26        0.01312531
530            6.05411      1.413722e-26       0.002347815

531           3.086229      1.413317e-26       0.006995231
532           1.268001      1.403522e-26        0.02429501
533           2.321857      1.399247e-26        0.01098299
534           1.692816      1.396771e-26       0.009043808
535           7.830042      1.395124e-26      0.0008078031

536           3.865159      1.391232e-26        0.00642661
537            2.80586      1.387364e-26        0.01192763
538           1.862949      1.386276e-26        0.02340603
539           2.020547      1.384345e-26        0.01396321
540           1.120065        1.3814e-26         0.0187627

541           6.903958      1.380776e-26       0.001168224
542           2.054531      1.377911e-26        0.03040746
543           3.691725      1.375104e-26        0.00787034
544           4.662234      1.373302e-26       0.003845726
545           9.698381      1.365714e-26        0.00079997

546           1.144627      1.365479e-26        0.05268508
547           2.322699       1.36324e-26        0.02839401
548           2.742341      1.362213e-26       0.007544741
549           3.232506      1.361503e-26       0.006229036
550           1.848585      1.359861e-26        0.01231836

551           19.10677      1.356777e-26      0.0003658952
552           2.570151      1.356701e-26       0.008924191
553           3.808985      1.354205e-26       0.003852492
554           3.584528      1.353787e-26      0.0009674924
555           2.088226      1.351312e-26        0.02118008

556           5.723547      1.338301e-26      0.0004176733
557           1.646849      1.337641e-26        0.01573444
558            3.41694      1.320063e-26       0.004912723
559           7.065381      1.314114e-26       0.001146329
560           2.889701       1.31404e-26       0.007120662

561           4.190824      1.313994e-26       0.001614801
562           2.660906       1.31064e-26       0.007394795
563           3.904404      1.308383e-26       0.002916819
564           1.022047      1.301758e-26        0.01498242
565            1.08311      1.299846e-26        0.09146452

566           3.526838      1.296933e-26        0.01045278
567           8.577651      1.296353e-26      0.0006071239
568           3.628883       1.29604e-26       0.007676957
569           3.785467      1.294114e-26       0.008703042
570           5.058772      1.283601e-26       0.002122447

571           2.881622      1.282849e-26       0.003056591
572           5.765201      1.282552e-26       0.002487612
573           10.79272      1.273896e-26      0.0004255037
574           4.195204      1.273074e-26       0.006621607
575           9.309411      1.271992e-26      0.0009920366

576            4.45709      1.268285e-26       0.003692705
577           3.809167      1.267247e-26       0.007341816
578           3.264996      1.266902e-26       0.006345215
579           5.129927      1.264215e-26        0.00332434
580           3.015095      1.263298e-26       0.003578182

581           5.118501      1.262456e-26       0.005168327
582           6.108408      1.252734e-26       0.001141003
583           14.21001       1.24998e-26      0.0004189957
584           10.04281      1.246368e-26      0.0003883856
585           3.039453      1.240704e-26       0.001627335

586           4.303854      1.240367e-26       0.005616402
587           4.797615      1.238345e-26       0.003188267
588           6.634406      1.234056e-26      0.0008227765
589           1.991015      1.233214e-26        0.03392587
590           5.074425      1.228252e-26       0.001643632

591           8.688338      1.209233e-26       0.001981991
592           1.501152      1.208532e-26        0.01350454
593           10.57672      1.205258e-26      0.0006405117
594           3.605186      1.199882e-26        0.00889653
595            2.55652      1.198397e-26        0.01124778

596           6.934586      1.196529e-26       0.004805092
597           2.567561      1.196093e-26       0.003881694
598           5.645945      1.194606e-26       0.001639014
599           13.38145      1.191207e-26      0.0003136172
600           5.679521      1.190766e-26       0.002453181

601           1.863989      1.189541e-26        0.02771075
602           2.010696      1.185173e-26         0.0193147
603           4.889367      1.183265e-26       0.001265115
604           15.82274      1.176221e-26      0.0002121453
605           3.826884      1.175472e-26       0.002704961

606           1.634852      1.170901e-26        0.03989586
607           1.907114      1.169309e-26        0.02176063
608           2.439288      1.167546e-26        0.01883542
609           6.500199      1.160915e-26       0.001815482
610           1.643649      1.158577e-26        0.02841805

611           11.20111      1.150818e-26      0.0001120119
612           2.847325      1.143334e-26       0.006942115
613           6.977242      1.139171e-26       0.002286075
614           2.526766      1.134688e-26        0.00600626
615           6.273186      1.128758e-26       0.001954998

616           3.103884      1.127324e-26        0.00961495
617           9.825272      1.126114e-26      0.0007730023
618           2.930752      1.124954e-26         0.0078234
619           3.855634      1.122975e-26       0.004905599
620           1.173889      1.119516e-26        0.02384119

621           4.416956      1.118131e-26       0.002680174
622            4.19619      1.116815e-26       0.002803995
623           16.97771      1.112146e-26      0.0003090037
624           4.072146      1.110179e-26       0.006553243
625           1.778598      1.107102e-26        0.02338977

626           4.448912      1.106925e-26       0.003467699
627           1.056106      1.106512e-26        0.04714484
628           7.456638      1.104525e-26        0.00172068
629             6.5281      1.103854e-26       0.001777729
630           3.648123      1.103472e-26       0.007275983

631            8.35711      1.103195e-26       0.001042227
632           2.141393      1.097769e-26        0.01078735
633           10.17922      1.094097e-26      0.0006497248
634           6.206724      1.092782e-26       0.002320127
635           9.144464       1.08971e-26      0.0006168134

636           14.60263      1.083167e-26      8.559385e-05
637           13.05509      1.080532e-26      0.0002832759
638           1.432253      1.080351e-26        0.02243506
639           17.01204      1.071794e-26      0.0008589224
640           1.311247      1.071034e-26        0.02105193

641           3.051338      1.068114e-26       0.008742235
642           2.164892      1.066189e-26        0.00671902
643           2.779883      1.065323e-26       0.006916613
644           1.662658      1.058479e-26          0.018087
645           1.551135      1.057198e-26        0.04521438

646           2.319869      1.057089e-26       0.009055311
647           2.931412      1.055417e-26       0.004325168
648           1.319526       1.05265e-26       0.008699243
649           1.910567      1.052563e-26        0.02492206
650           7.272048      1.048084e-26       0.000311444

651           1.614219      1.044474e-26        0.03096367
652           3.734797      1.044314e-26       0.003196416
653           3.904638       1.04192e-26       0.003072954
654           2.976349      1.041712e-26       0.009851738
655           3.507147      1.040605e-26      0.0005526072

656            1.48379      1.020723e-26        0.02716709
657            1.82573      1.019965e-26       0.006836182
658            2.78819      1.016122e-26       0.009737901
659           2.416111      1.014944e-26        0.01584982
660           3.279368      1.011748e-26       0.008059911

661            1.12238      1.009879e-26        0.01836515
662           2.269018      1.008917e-26          0.006901
663           4.514117      1.008876e-26       0.002671509
664           4.769457       1.00418e-26        0.00180529
665            8.33613      9.943297e-27      0.0004646063

666           1.897122      9.916617e-27        0.01692806
667           5.715083      9.915294e-27       0.003287578
668            5.83562      9.892713e-27       0.001927742
669           3.427296      9.892589e-27        0.00721514
670           1.056327      9.887668e-27        0.07541298

671           4.351559      9.873778e-27       0.001989244
672           2.110688      9.819675e-27        0.05347948
673           10.08394       9.81249e-27       0.002191484
674           1.046338      9.809867e-27         0.0354556
675           2.355059       9.78664e-27        0.01127518

676           3.723403      9.774472e-27       0.002369361
677           4.928907      9.766162e-27       0.004517134
678           2.302015      9.765812e-27       0.005128957
679           1.862062      9.763208e-27        0.01052909
680           2.148022      9.761491e-27       0.008651908

681           10.78765      9.707544e-27      0.0007438687
682           1.643258       9.63337e-27        0.01242808
683            3.26518      9.591715e-27       0.002963814
684           1.618441      9.579363e-27       0.006093198
685           4.599696       9.55853e-27       0.004666026

686           1.467548      9.556225e-27        0.01268522
687             1.9371      9.524033e-27        0.02450792
688           2.557762      9.522753e-27       0.006448783
689           1.611994      9.445967e-27       0.006262968
690           12.30779      9.443586e-27       0.001770466

691           6.718349      9.421255e-27       0.002507464
692           1.387211      9.411955e-27        0.02995632
693           6.209988      9.403109e-27      0.0005008864
694           1.566851      9.388933e-27        0.01397455
695           3.683183      9.377268e-27       0.005562092

696           1.334546      9.373207e-27        0.02117385
697           5.413794      9.342862e-27       0.001448462
698           4.191488      9.327854e-27       0.001598313
699           1.311757      9.324556e-27        0.01605665
700            1.64156      9.316258e-27        0.01423662

701           4.429945      9.311309e-27       0.002425478
702           2.618029      9.285665e-27       0.008810698
703           1.744295      9.284037e-27        0.01510734
704           2.850566      9.282263e-27        0.01054352
705           2.375679        9.2531e-27       0.008148177

706           8.946231      9.212444e-27      0.0005077735
707           2.369442      9.178971e-27        0.01026136
708           4.675499      9.178761e-27       0.009567396
709           1.916881      9.172037e-27        0.02176329
710           3.587678      9.164933e-27       0.006309104

711           1.788548      9.128746e-27        0.01210256
712           4.066152       9.08213e-27       0.002932844
713           4.589693      9.065338e-27       0.003271311
714           3.119649      9.062208e-27       0.007633612
715           3.442242      9.060935e-27       0.003706378

716           3.266209      9.059694e-27       0.005514919
717           3.240928      9.024364e-27       0.009060507
718            7.14723      9.008487e-27       0.001048396
719           1.584194      8.997705e-27       0.007907883
720           5.056185      8.997527e-27      0.0006630095

721           6.763631      8.995961e-27      0.0008414256
722           4.993483      8.972217e-27       0.003031602
723           3.976745      8.970953e-27       0.004682622
724           2.969547      8.956563e-27       0.009259268
725           7.125604      8.954234e-27       0.005008363

726           4.308413      8.949912e-27       0.003313677
727           3.363746      8.938108e-27       0.006797554
728           1.300029      8.925215e-27        0.03424462
729           11.21378      8.882752e-27      0.0004079088
730           1.930377      8.874945e-27        0.01079957

731           5.065397      8.842368e-27       0.002433716
732           1.637053      8.820646e-27        0.03742032
733             2.5192      8.810477e-27       0.008095511
734           1.269127      8.808929e-27        0.02029497
735           3.239876      8.800458e-27        0.00176194

736           4.457963      8.799374e-27       0.001525702
737           3.643785      8.775525e-27       0.001995942
738           8.012533       8.76387e-27       0.000532406
739           1.708147      8.756225e-27        0.01982947
740           3.105597      8.749235e-27       0.004714567

741           6.532383      8.730167e-27      0.0009044523
742           3.039635       8.53835e-27       0.006438701
743           3.732535      8.504037e-27      0.0002195788
744           5.230454      8.424097e-27       0.001133923
745           1.472421      8.417782e-27        0.02073014

746           6.929966      8.408368e-27       0.003016549
747           1.824085      8.406092e-27        0.01076232
748           3.387116      8.399237e-27       0.007498879
749           10.15073      8.380727e-27       0.000364198
750           1.715646      8.377676e-27        0.01600457

751           6.861828      8.369821e-27      0.0006461856
752           8.138116      8.369694e-27      0.0007357435
753            2.66219      8.364592e-27       0.005061209
754           5.998608      8.334941e-27       0.001398981
755           2.111362      8.320408e-27       0.004717587

756           6.861312      8.315712e-27        0.00135444
757            4.96453      8.284064e-27       0.001508187
758           12.90395      8.258041e-27      0.0004431936
759            7.39366      8.241761e-27       0.001054715
760           3.104139      8.231176e-27       0.005232068

761           4.695968       8.22213e-27       0.002837786
762           5.453543      8.201975e-27       0.002660263
763           4.545503      8.201198e-27       0.002998511
764           5.623429      8.181326e-27       0.001376408
765            4.63084      8.156041e-27        0.00315754

766           2.072172      8.155967e-27       0.007857691
767           3.052407      8.155791e-27       0.008236772
768           19.10319       8.15341e-27      0.0001237294
769           3.514895      8.150887e-27       0.007575835
770           3.779601      8.143675e-27       0.003210961

771            15.1156      8.109265e-27      0.0002960029
772           1.100373       8.10336e-27         0.3047331
773           2.245691      8.067161e-27        0.01209921
774           4.581831      8.053529e-27       0.004332494
775           3.109543      8.034468e-27       0.005435399

776           4.074509      8.030102e-27       0.001300404
777           2.125485      8.014053e-27         0.0139381
778           3.169657      8.008345e-27        0.01132631
779           2.265575      7.994368e-27       0.009126569
780           1.216748      7.990986e-27         0.1532886

781           1.563485      7.942777e-27        0.01190379
782            5.27166      7.917607e-27       0.001329645
783           1.590094      7.845139e-27        0.01201346
784           1.973148      7.812437e-27        0.01341101
785            2.46695      7.810147e-27         0.0144326

786           7.482929      7.805738e-27       0.001218041
787            3.12388      7.784542e-27       0.005754253
788           4.715527      7.766806e-27      0.0004298479
789           6.958178      7.751275e-27       0.001115448
790           6.139276      7.720556e-27      0.0005332567

791           2.696728      7.678817e-27       0.003288558
792           1.108221      7.658322e-27        0.01930272
793           6.711807      7.641797e-27      0.0002392722
794           1.221651      7.622791e-27        0.03761741
795           1.555192       7.59785e-27       0.007999527

796           3.215557      7.591578e-27       0.001403979
797           5.148258      7.543754e-27        0.00309852
798           2.132164      7.497791e-27       0.005199073
799           4.099086       7.47555e-27       0.002779729
800           4.939252      7.461771e-27       0.003303655

801           1.018573        7.4245e-27        0.04132402
802           4.359817      7.405414e-27       0.001080612
803           3.266857      7.366098e-27       0.001306763
804           2.084532       7.36543e-27       0.006915884
805           2.183875      7.349442e-27       0.004274212

806           1.605246      7.341541e-27        0.01699158
807           1.365121      7.328159e-27         0.0178683
808           1.187996      7.316481e-27        0.01202341
809           1.484338      7.310823e-27        0.01086842
810           4.381046       7.29917e-27       0.001260014

811             1.3655      7.259557e-27       0.007113335
812           1.856437      7.228179e-27       0.003633366
813           5.118819      7.188247e-27      0.0004077299
814           2.490504      7.183347e-27         0.0052295
815           2.655873      7.152874e-27       0.005107014

816           4.031631      7.101024e-27       0.003523615
817            4.18418       7.07225e-27       0.003586981
818           4.134196      7.069958e-27      0.0008653992
819           2.543015       7.04205e-27       0.006803536
820           8.410778      7.032737e-27       0.001011696

821           4.539074      7.011721e-27       0.000273841
822           3.327801       7.00529e-27        0.00227554
823           1.596061      6.993141e-27         0.0152546
824           6.129865      6.990005e-27      0.0003962303
825           2.287058       6.95595e-27       0.007679295

826           2.092768       6.92843e-27        0.00864088
827           6.085229      6.881701e-27      0.0005928726
828           2.985643       6.86156e-27       0.005195485
829           6.534482      6.851714e-27        0.00228766
830           6.069215      6.836316e-27      0.0007642508

831           4.209927      6.825019e-27      0.0008821851
832            2.63235      6.821018e-27        0.00424929
833           2.088852      6.813925e-27        0.01422154
834           2.170396      6.775127e-27       0.009707746
835           7.423499      6.771973e-27       0.001019041

836           2.631468      6.756111e-27       0.007647515
837           9.312239      6.740679e-27      0.0005717496
838           3.149329      6.737649e-27       0.004109252
839           1.963763       6.73082e-27       0.008905701
840           2.388444      6.720787e-27        0.01116384

841           5.834701      6.719708e-27       0.001517256
842           1.648287      6.715677e-27        0.01972611
843           2.109177       6.71076e-27        0.01499423
844           4.482031      6.695314e-27       0.001227327
845           1.338607      6.691343e-27        0.02290718

846           1.527757      6.669995e-27        0.01693483
847           4.062199      6.652781e-27       0.003702049
848           1.638713      6.636436e-27         0.0124928
849           1.442618      6.616831e-27       0.009571142
850           2.603541      6.567711e-27       0.004274257

851            2.49472      6.567261e-27       0.006942484
852           3.671075      6.562665e-27       0.004743496
853           2.098236       6.55063e-27       0.008845524
854           8.955748      6.529736e-27      0.0004223397
855           5.674335      6.516372e-27       0.001084381

856           1.969944      6.501507e-27       0.004615182
857            8.55974      6.495637e-27      0.0004045174
858           1.292877       6.49049e-27        0.01407835
859           2.245844      6.487147e-27       0.007293081
860           4.469097      6.434102e-27         0.0007014

861           4.689703      6.434019e-27         0.0024232
862           4.465711      6.393631e-27       0.002722378
863            1.56323      6.373424e-27        0.03143004
864           3.172022      6.358452e-27       0.002841594
865           7.731421      6.351459e-27      0.0006880189

866           3.414361      6.330791e-27         0.0121528
867           1.067083      6.316801e-27        0.01801293
868            3.75532      6.309995e-27       0.001952655
869           2.155701      6.295479e-27        0.01049045
870           5.526063      6.290898e-27      0.0007098587

871           1.546671      6.269498e-27       0.009303743
872           1.283765      6.252454e-27       0.008368059
873           3.835292      6.240405e-27       0.002036167
874           14.09358      6.227062e-27      0.0001136655
875           1.845847      6.197204e-27       0.008109888

876           2.067529      6.192542e-27        0.01153324
877           10.46919      6.176918e-27      0.0003958575
878           88.10814      6.171315e-27       8.65432e-07
879           3.241601      6.162618e-27       0.007456098
880           2.312479      6.154018e-27       0.001568755

881           2.270612       6.14557e-27         0.0338522
882           1.044315      6.142827e-27        0.03705778
883           5.050898       6.12992e-27       0.001715056
884           5.683765      6.112725e-27       0.001341634
885           1.647324      6.105828e-27        0.00509066

886           5.589609      6.096755e-27       0.001710552
887           1.890094      6.094583e-27       0.006718306
888           2.310519      6.020026e-27       0.003746931
889           5.201739      5.986788e-27       0.001095438
890           14.23691      5.967795e-27      0.0008244608

891            3.03694      5.940321e-27       0.003438793
892            3.57853      5.904254e-27        0.00488836
893           5.043033       5.89726e-27        0.00149926
894           1.303774      5.869952e-27        0.03125196
895           1.634284      5.867347e-27        0.01266466

896           52.76427      5.857883e-27      2.191003e-06
897            2.28299      5.854471e-27       0.005508065
898           2.170469      5.845826e-27        0.01131239
899           3.031248      5.844109e-27       0.004684296
900           7.505433      5.796624e-27       0.001036465

901           4.467193      5.795012e-27      0.0003161348
902           1.542198      5.778454e-27         0.0124428
903           2.725745      5.771176e-27       0.003139867
904           5.946415      5.759098e-27      0.0003484513
905           1.206688      5.735737e-27        0.02401454

906           2.369723      5.722252e-27        0.01248232
907           7.267254      5.722168e-27      0.0008707973
908           5.529588      5.719492e-27      0.0009916295
909           4.934167      5.703994e-27       0.001075679
910           4.124445        5.7004e-27       0.000739128

911           5.346925      5.697011e-27        0.00565913
912           1.650458      5.682112e-27       0.006536097
913           3.959634      5.668102e-27       0.007659088
914           3.608404      5.656188e-27       0.003614696
915           3.779852      5.644855e-27       0.002715372

916           1.386626      5.625983e-27        0.01085813
917           1.855418      5.617134e-27        0.01930771
918           4.809855      5.597077e-27      0.0008817541
919           9.029034       5.59566e-27      0.0003820635
920           1.524136      5.585525e-27        0.01085736

921           3.855364      5.575469e-27       0.004658799
922           4.398981      5.562137e-27       0.001820342
923           8.904567      5.556326e-27      0.0007681749
924           8.257968      5.552509e-27      0.0005541933
925           1.635392      5.543512e-27       0.005101574

926           4.077418      5.537802e-27      0.0007157845
927            6.89398      5.518674e-27      0.0002528204
928           6.936033      5.513445e-27      0.0007301385
929           1.254119      5.510813e-27        0.02308539
930           3.123859      5.488964e-27       0.007853967

931           1.497692      5.471323e-27        0.01219188
932           2.650866      5.471144e-27       0.007068231
933           3.506255      5.470551e-27       0.001347981
934           2.418095      5.448274e-27       0.006333243
935           3.715121      5.448108e-27       0.002361601

936           5.851846      5.436878e-27      0.0001698368
937            4.73432       5.43243e-27       0.003131851
938           2.099277      5.404791e-27       0.004713624
939            3.97252      5.394952e-27       0.003812329
940           4.315239      5.358987e-27      0.0006592921

941           3.582607      5.338655e-27       0.003614646
942           2.128361       5.33855e-27        0.01113403
943           1.924786      5.323806e-27       0.005822246
944           4.374022      5.322769e-27       0.002128024
945            1.63989      5.314821e-27        0.03549081

946           3.639321      5.304841e-27       0.001672091
947           2.154923      5.268703e-27        0.01130988
948            3.91874      5.258988e-27        0.00282369
949           1.058517      5.220789e-27       0.008160213
950           2.608561      5.220516e-27        0.00124193

951           2.377675      5.207164e-27       0.004621272
952           3.963499      5.177183e-27       0.003197785
953           1.912718      5.163079e-27        0.00471597
954           3.120328      5.159019e-27       0.002432752
955           2.077904      5.151853e-27       0.007375905

956           405.5878      5.144404e-27      9.473377e-09
957           2.233925      5.134073e-27        0.01169654
958           3.885975      5.112336e-27       0.001672936
959           4.440021      5.096476e-27      0.0007023787
960           2.681583      5.086436e-27       0.008343314

961           3.183163      5.031375e-27       0.001424299
962           6.580876      5.030494e-27      0.0004739254
963           7.422711      5.024623e-27      0.0006958296
964           4.099935      5.014858e-27       0.000940456
965           5.715453      4.996974e-27       0.001652269

966           2.974063      4.973716e-27        0.01110412
967           6.633723      4.962787e-27       0.001147649
968           2.775417      4.954656e-27       0.004731158
969            5.85818      4.938624e-27      0.0003487466
970           1.657819      4.874685e-27        0.01141749

971           5.210634      4.859281e-27      0.0008928755
972           411.0614      4.856221e-27      6.529588e-09
973           2.118933      4.838753e-27       0.004305276
974           3.942007      4.824957e-27       0.002733576
975           1.237881      4.804991e-27         0.0106566

976           6.140161      4.802823e-27      0.0004148442
977           5.334472      4.797567e-27       0.001760367
978           5.712497      4.790331e-27       0.001403539
979           7.801748      4.780206e-27      0.0005308239
980           3.654976      4.759585e-27       0.004286819

981           1.328132      4.756213e-27        0.01470249
982           3.411296      4.726478e-27       0.004690812
983           5.377441      4.718968e-27       0.001198801
984           7.255802       4.71724e-27       0.000340983
985           1.364577      4.711284e-27        0.01487388

986           5.192188      4.691845e-27      0.0005436838
987           7.909207      4.689116e-27      0.0005818733
988           5.899036      4.676941e-27       0.001734144
989           7.033551      4.671777e-27       0.001129977
990           3.937433       4.66558e-27       0.002284774

991           4.543874      4.664189e-27       0.000947364
992           1.203966      4.655698e-27         0.0119796
993           2.656372      4.646828e-27        0.00187644
994            3.77305      4.644527e-27       0.003372629
995           3.560123      4.640769e-27       0.004835302

996           1.230462      4.632523e-27        0.02656072
997           9.151052      4.585113e-27      0.0003768182
998           7.545113      4.572004e-27      0.0004561586
999           2.076092      4.559953e-27       0.005788745
1000          1.823477      4.553553e-27       0.006533864

1001          2.992627      4.551403e-27       0.003059756
1002          1.849859      4.507301e-27       0.002643411
1003          2.663796      4.501624e-27       0.003381154
1004          321.6193      4.488366e-27      3.162891e-08
1005          5.435473      4.474953e-27       0.001197264

1006          1.406812      4.473415e-27       0.007553201
1007           542.906      4.455842e-27       6.43995e-09
1008          3.410144       4.45356e-27       0.002135338
1009          1.023316      4.441553e-27         0.0391078
1010          3.577279      4.437308e-27       0.002806528

1011           3.04739      4.435345e-27        0.01004175
1012          2.739224      4.432036e-27        0.00424963
1013          3.176461      4.423896e-27        0.00410491
1014          2.649135      4.408833e-27       0.003657464
1015          5.564921      4.401367e-27      0.0008139814

1016          2.347287       4.40112e-27       0.008393503
1017          6.008051       4.39153e-27      0.0007347827
1018          3.477823      4.375084e-27       0.009707647
1019          5.790369      4.360798e-27      0.0005996144
1020          3.541331      4.354664e-27        0.00673524

1021          5.661506      4.352989e-27      0.0001877008
1022          1.139399      4.350844e-27        0.01637046
1023          1.463398      4.348593e-27         0.0089962
1024          5.656068      4.309432e-27      0.0005113575
1025          2.760472      4.304169e-27       0.004138596

1026          1.723258      4.299838e-27        0.01274747
1027          1.971055      4.286514e-27       0.005211906
1028           1.87552       4.28036e-27       0.005010901
1029          4.647201      4.272041e-27       0.002089807
1030            2.1159      4.259004e-27        0.01960495

1031          2.209782       4.25637e-27       0.006848701
1032          3.364173      4.239025e-27       0.003184016
1033          1.803874      4.219878e-27       0.005905029
1034           1.83922      4.191317e-27        0.00206436
1035          67.17546      4.186195e-27      2.801421e-06

1036          4.851661      4.163841e-27       0.001389891
1037          5.041234        4.1557e-27       0.002811097
1038          3.224677      4.154742e-27       0.003256598
1039          6.183641      4.150419e-27      0.0009021681
1040          267.5863      4.129807e-27      1.637996e-08

1041          3.267264      4.107204e-27       0.001606223
1042          2.375004      4.092444e-27       0.005412149
1043          3.500051      4.075059e-27       0.001388716
1044          6.416971      4.056481e-27       0.001187154
1045          1.237446      4.040071e-27       0.007892465

1046           2.20961      4.032247e-27       0.005894905
1047          3.480089      4.027796e-27       0.002153438
1048          2.051861      4.019912e-27        0.01566421
1049          9.974499      4.012753e-27       0.001836517
1050          2.181174      4.002117e-27       0.006625552

1051          1.757028        3.9846e-27       0.003127928
1052          1.248262      3.979975e-27       0.008172881
1053          5.234604       3.95069e-27       0.001483626
1054          2.734088      3.923462e-27        0.00660824
1055          4.138126      3.922941e-27       0.003942645

1056          4.371331      3.891634e-27         0.0018836
1057          2.437585      3.849601e-27       0.007556076
1058          6.633267      3.842552e-27      0.0005869656
1059          4.687389      3.842437e-27      6.953182e-05
1060          1.631611      3.838857e-27        0.02395715

1061          5.524069      3.835443e-27       0.001687186
1062          8.540839      3.828914e-27      0.0002703105
1063          1.538824      3.822437e-27       0.006035993
1064          5.638062      3.821653e-27      0.0001069815
1065          3.351209      3.816156e-27       0.000932847

1066          1.242993      3.801604e-27        0.01178609
1067          1.113431      3.800945e-27        0.03468346
1068          5.603355      3.789879e-27      0.0003005206
1069          2.294413      3.786169e-27       0.001014455
1070          6.475408       3.77527e-27      0.0004824138

1071          4.566063      3.773292e-27      0.0005602398
1072          7.233339       3.76725e-27      0.0004157825
1073          1.990857      3.759317e-27       0.004273909
1074          6.302887      3.757336e-27      0.0008380429
1075          3.732854      3.753873e-27       0.003935076

1076           2.23884      3.734722e-27       0.002362906
1077           2.34772      3.731422e-27       0.008030124
1078          2.709798      3.730942e-27        0.00119766
1079           7.28447      3.729623e-27       0.001008025
1080          9.865002      3.729422e-27      0.0002920334

1081          1.833166       3.71798e-27       0.001392978
1082          3.798265      3.706355e-27        0.00144948
1083          2.676704      3.704686e-27       0.005100444
1084          3.245329      3.701469e-27        0.00236546
1085          1.888872      3.658474e-27       0.004766131

1086          2.546078      3.650992e-27      0.0007784126
1087          14.33439      3.646255e-27      0.0001080163
1088          2.936927       3.63883e-27       0.003306703
1089          536.7185      3.597539e-27      6.265819e-09
1090          2.023717       3.59097e-27       0.002290925

1091            3.7272      3.589857e-27       0.003155665
1092          2.499587       3.58859e-27        0.02615302
1093          432.7467      3.579917e-27      8.143433e-09
1094          3.443103      3.568933e-27      0.0005728275
1095          1.610352      3.561691e-27       0.005486768

1096          1.729565      3.556729e-27        0.00194721
1097          1.756848      3.550437e-27        0.01300192
1098          5.919702        3.5479e-27      0.0006066873
1099          6.303059      3.529377e-27      0.0005895257
1100          7.148798      3.523986e-27      0.0007604726

1101          2.162291      3.515718e-27       0.006805077
1102          8.493463       3.49138e-27      0.0004315866
1103          1.531162      3.481661e-27       0.009883011
1104          3.941822      3.478384e-27       0.001854304
1105           4.86783      3.467192e-27      0.0004529438

1106          1.318799      3.453533e-27       0.006616653
1107          1.848696      3.440001e-27       0.004068601
1108          2.324684      3.430212e-27       0.004800976
1109          4.416304       3.41337e-27       0.002549726
1110          3.350122      3.410911e-27       0.002445443

1111          4.508069       3.40118e-27       0.001023459
1112          6.075577      3.389649e-27      0.0006545823
1113           2.38267       3.36767e-27       0.003009926
1114          1.886146      3.363868e-27       0.003947449
1115           2.72411      3.350318e-27       0.004265372

1116          2.982938      3.348767e-27       0.001767127
1117          5.833873      3.339597e-27       0.002786704
1118          4.648155      3.339217e-27       0.001665004
1119          1.119171      3.329873e-27        0.02207109
1120          2.596139       3.32732e-27       0.003603153

1121          3.072967      3.303079e-27       0.001470198
1122          3.585253      3.299105e-27       0.002937462
1123          2.406288      3.297805e-27       0.006275847
1124          1.392458      3.291744e-27        0.01745346
1125          1.049423       3.29055e-27        0.01394452

1126          1.602993      3.286578e-27       0.007918592
1127          4.516319      3.284983e-27       0.000593066
1128          1.645146      3.271591e-27       0.002311485
1129           2.43595      3.266111e-27       0.004246601
1130          3.489202       3.25376e-27       0.002092321

1131          4.749261      3.234056e-27       0.002019705
1132          1.086989      3.229534e-27        0.01073809
1133          1.181575      3.226678e-27        0.01807186
1134          2.523118      3.212515e-27       0.007499965
1135          3.228652      3.199896e-27       0.008717745

1136          3.887095      3.184115e-27       0.002505634
1137          1.152141      3.178387e-27        0.01244392
1138          1.700912      3.174043e-27       0.004611283
1139          1.314453      3.172288e-27        0.01280971
1140          1.990132      3.171908e-27       0.005185639

1141          3.686968      3.171709e-27      0.0007509707
1142          1.609647      3.168573e-27       0.005742137
1143           1.46747      3.147255e-27       0.005534049
1144          10.22124      3.142559e-27      1.366806e-05
1145          2.244003      3.135716e-27        0.00456858

1146          1.594831      3.119956e-27        0.02068106
1147           19.4897      3.115611e-27      3.237862e-05
1148          1.963879      3.112704e-27       0.002971991
1149          2.239745      3.110945e-27       0.001954919
1150          2.208983      3.108831e-27       0.005186808

1151          4.228093      3.106376e-27       0.004796693
1152          4.950008      3.095568e-27      0.0005549273
1153          2.893303      3.062562e-27        0.01665833
1154          1.515428      3.057449e-27       0.008129011
1155          3.948135      3.048309e-27      0.0004461507

1156          1.471946      3.044935e-27       0.004496766
1157          1.721551      3.043954e-27       0.004141879
1158          2.504848      3.032464e-27       0.002173282
1159          3.450794      3.030086e-27       0.001575375
1160          3.259608      3.013433e-27       0.003777586

1161          2.896132      3.011175e-27        0.01019554
1162           4.24085      3.010857e-27      0.0009350307
1163          9.571407      3.010401e-27      0.0002392151
1164          1.121161      3.006581e-27        0.01102695
1165           2.45016      3.005938e-27       0.006673952

1166          4.829622      2.996285e-27      0.0003100891
1167          6.241755      2.991454e-27       0.003496259
1168          2.984693      2.990507e-27      0.0009406472
1169          3.141767      2.984125e-27       0.002215132
1170          5.785396      2.970009e-27      0.0005964024

1171          12.21543       2.96936e-27      6.781682e-05
1172          2.361853      2.951895e-27       0.004658733
1173          7.851748      2.945892e-27      0.0002370309
1174          5.540816      2.934955e-27       0.000760191
1175          18.56696      2.933773e-27      3.133891e-05

1176          1.498745      2.933528e-27       0.008765374
1177          1.892426      2.933278e-27        0.00528797
1178          3.952113      2.894175e-27       0.003492423
1179           1.92691       2.88463e-27       0.006442594
1180          387.4314      2.881337e-27      9.630967e-09

1181          2.525819       2.87401e-27       0.001739937
1182          490.8522      2.841793e-27      4.689533e-09
1183          3.922447      2.813905e-27      0.0008674062
1184          380.5357      2.798636e-27      9.513679e-09
1185          2.872413      2.795189e-27      0.0008498706

1186          3.193236      2.784231e-27       0.001600013
1187          3.156365      2.753474e-27         0.0022082
1188          1.443414      2.752061e-27       0.006202221
1189          2.036863      2.751924e-27        0.01420976
1190          2.223762      2.743764e-27       0.002641967

1191          1.117425      2.740288e-27        0.01635022
1192          2.982912      2.729842e-27       0.004368112
1193          1.913131      2.726648e-27       0.005119951
1194          2.309546      2.726058e-27       0.005423466
1195          2.965019      2.716444e-27        0.01406955

1196          3.071322      2.681387e-27       0.002115051
1197          4.129787      2.679923e-27       0.000486412
1198          4.017901      2.675221e-27      0.0004596406
1199          2.196926      2.673146e-27       0.002322657
1200          7.912227      2.658469e-27      7.276159e-05

1201          13.01098      2.657537e-27      8.307308e-05
1202          6.054587      2.645747e-27      0.0002828584
1203          3.583079      2.644697e-27       0.001485962
1204          4.646148      2.633847e-27       0.002840224
1205          4.121431      2.629157e-27      0.0007238307

1206          2.524501      2.628506e-27       0.001097119
1207          2.137273      2.619441e-27       0.002659955
1208               3.1      2.617604e-27        0.00116549
1209           5.58182      2.611162e-27      0.0002800569
1210          7.047419      2.609827e-27      0.0002870231

1211           3.00103      2.605711e-27       0.002415704
1212           9.30558      2.602016e-27      0.0001211776
1213          8.276701      2.592073e-27      0.0001242945
1214          5.123896      2.587927e-27      0.0009042002
1215          3.263088      2.584774e-27       0.001877485

1216          1.206523      2.547122e-27       0.007453852
1217          4.713519      2.544751e-27      0.0005074463
1218          6.839765      2.536843e-27        0.00142399
1219          4.515686      2.527452e-27       0.001328224
1220          6.624976      2.526614e-27      0.0003509504

1221          2.672195      2.519488e-27       0.002568573
1222          3.180143      2.507229e-27       0.003341952
1223          3.485867      2.502965e-27       0.002453033
1224          1.350673      2.496751e-27       0.007514371
1225          3.986205      2.493541e-27       0.001482577

1226          246.2206      2.491218e-27      1.983913e-08
1227          2.279043      2.490875e-27       0.002201801
1228           1.35274      2.487915e-27        0.03861157
1229          6.864797      2.465923e-27      0.0002243943
1230          1.118261      2.464061e-27        0.02322328

1231          1.086954      2.460291e-27        0.02667172
1232          1.407336      2.446723e-27       0.009881781
1233          2.395671       2.44175e-27       0.001687526
1234          1.077256      2.437421e-27       0.008012863
1235          1.738238      2.437384e-27       0.003573888

1236          7.133974      2.425082e-27      0.0003053807
1237           2.96013       2.42096e-27        0.00279336
1238          2.007815      2.420792e-27        0.00280819
1239          2.825387      2.413327e-27       0.003093681
1240          2.308556      2.397227e-27       0.002346224

1241          3.505631      2.395885e-27      0.0009836719
1242          3.458033      2.393855e-27        0.00275356
1243          1.035397      2.387827e-27       0.008096736
1244          1.235835      2.385741e-27        0.01024766
1245          1184.843      2.384524e-27      1.447146e-09

1246          8.888712      2.373557e-27      0.0003449628
1247          3.373335      2.362999e-27      0.0007096454
1248          69.84487      2.359754e-27      3.480173e-07
1249          1.838659      2.357979e-27       0.004707783
1250          121.5589        2.3361e-27      8.380993e-08

1251          3.028865      2.332368e-27       0.001068587
1252          2.066444        2.3234e-27        0.01445286
1253          4.316582      2.314897e-27      0.0005574676
1254          1.693094      2.313991e-27       0.004050091
1255          1.695796      2.313197e-27       0.003723605

1256          2.392924       2.26887e-27       0.003488383
1257          1.739889      2.260207e-27        0.00672871
1258          3.498663        2.2565e-27       0.005235303
1259          6.215169      2.246008e-27      0.0004871224
1260          4.532992      2.240835e-27       0.001864436

1261          6.785186      2.233893e-27      0.0003807877
1262          4.223753       2.21876e-27       0.000381459
1263          6.979311       2.20194e-27      0.0002952698
1264          4.820781      2.200515e-27      0.0004732742
1265          4.506285      2.191986e-27      0.0004547262

1266          2.369363      2.184207e-27        0.01104946
1267           10.9196      2.179802e-27       8.44526e-05
1268          4.571905      2.161435e-27      0.0008154217
1269          5.095814      2.151608e-27       0.001129505
1270          1.480126       2.14508e-27         0.0112341

1271          1.173746      2.144365e-27        0.01209715
1272          5.767064      2.140416e-27      0.0003496955
1273          5.269591      2.128829e-27      0.0002931959
1274          2.049758      2.112585e-27        0.02289516
1275          5.967254       2.10446e-27      0.0002909273

1276           1.35252      2.104266e-27       0.008471933
1277           1.63298      2.102406e-27       0.001335971
1278          1.451517      2.085407e-27       0.005275266
1279          1.867208      2.085281e-27       0.001466454
1280          9.617557      2.082445e-27      0.0003412123

1281          3.377602      2.081822e-27       0.005182475
1282          2.882629      2.080872e-27      0.0006353198
1283          2.572344      2.080291e-27       0.005184459
1284          5.984211      2.072968e-27       0.001058158
1285          180.0237      2.066869e-27       4.95059e-08

1286          914.6203      2.064978e-27       1.58903e-09
1287          7.634908      2.061468e-27      9.474252e-05
1288          6.527184      2.049947e-27       0.001366475
1289          7.429406       2.02484e-27      7.223296e-05
1290          3.056197      2.024547e-27       0.001963662

1291          1.397559      2.011706e-27       0.009067687
1292          3.666727      2.000893e-27      0.0003352996
1293          6.481288      1.988138e-27      0.0002043046
1294           6.54778       1.97234e-27      0.0001350034
1295          5.010394      1.962636e-27      0.0004544162

1296          4.186594      1.961381e-27      0.0005730957
1297            1.4558      1.961218e-27       0.007393575
1298          5.485609      1.953212e-27       0.001342581
1299          2.738329      1.950518e-27       0.001120417
1300          4.174506      1.945553e-27       0.001574739

1301          574.9157      1.944852e-27        3.4535e-09
1302          4.216017       1.92989e-27      0.0008150618
1303          1.092384      1.929389e-27       0.005402978
1304           1.19182      1.925598e-27        0.01264067
1305          2.642385      1.923203e-27       0.007822464

1306          250.4005      1.899044e-27       2.12171e-08
1307          2.579498      1.869758e-27       0.001497658
1308          2.555589      1.860897e-27       0.002085015
1309          6.193704      1.858673e-27      0.0007976111
1310          7.175417      1.843945e-27      7.289228e-05

1311          2.154421      1.842174e-27       0.003043295
1312          2.592801      1.839907e-27       0.007772636
1313          2.786923      1.831973e-27      0.0009422608
1314          1.292976      1.830181e-27        0.03109023
1315          2.565326      1.813347e-27       0.001585948

1316          5.022942      1.802806e-27      0.0006825168
1317           4.18208      1.785947e-27       0.002899978
1318          124.5918      1.770802e-27      6.695337e-08
1319          2.554446      1.767978e-27       0.001731317
1320          1.705374       1.76508e-27       0.006170479

1321          3.249189      1.764462e-27      0.0007815899
1322           4.36216      1.760506e-27      8.145293e-05
1323          4.307555      1.756669e-27      0.0006865095
1324          4.822031      1.743675e-27      0.0001781841
1325          3.639688      1.738276e-27       0.001336572

1326          1.554528      1.729564e-27       0.003435083
1327          2.984957      1.721782e-27      0.0007646587
1328          385.1839      1.719405e-27      8.227968e-09
1329           2.12955      1.714363e-27       0.004705896
1330          5.604607      1.708192e-27      0.0003989676

1331          1244.244      1.705688e-27      1.595766e-09
1332          1.587032      1.697247e-27       0.002589938
1333          4.343994      1.695382e-27      0.0002160292
1334          2.408855      1.680808e-27       0.001417675
1335          3.238475      1.666345e-27       0.003203709

1336          6.453599        1.6617e-27      0.0003183945
1337            6.8893      1.658515e-27      0.0002378414
1338          70.27015      1.650089e-27      9.237151e-07
1339          31.76878      1.648751e-27      4.283742e-06
1340          32.88271       1.64717e-27       1.42767e-06

1341          1.498624      1.628265e-27       0.007446613
1342          6.137172      1.624064e-27       0.002473595
1343          1.001553      1.621866e-27        0.01454053
1344          372.9882      1.609724e-27      9.967638e-09
1345          1.961993      1.608226e-27        0.00410129

1346          2.705998      1.606755e-27       0.002214326
1347          4.618043      1.596159e-27      0.0008714751
1348          5.980585      1.592736e-27         0.0001526
1349          1.221902      1.583727e-27       0.006667534
1350          1.569926      1.579968e-27       0.003125261

1351          1.067809      1.575815e-27       0.001831621
1352          4.910479       1.57428e-27       0.000624231
1353          2.076805      1.559813e-27       0.002280052
1354          4.766242      1.555299e-27        0.00159436
1355           1.44078      1.540684e-27       0.008606846

1356          3.111665      1.529365e-27       0.007192171
1357          5.695983      1.521485e-27       0.000226851
1358           1.10402       1.52034e-27       0.005726875
1359          5.642742       1.51237e-27      0.0003453253
1360          1.246896      1.510001e-27       0.009405504

1361          8.168651      1.507217e-27      0.0001868857
1362          1.403934      1.500368e-27       0.009965885
1363          1.954072      1.488136e-27       0.003065858
1364          415.9363      1.467601e-27      6.263807e-09
1365          4.849648      1.463258e-27      0.0002938938

1366          3.860186      1.448108e-27      0.0005611821
1367          214.0633      1.441125e-27      3.483312e-08
1368          7.632839      1.440189e-27      0.0001549155
1369          9.207531      1.437065e-27      9.435324e-05
1370          6.088017      1.434116e-27      0.0002483429

1371          1.469937      1.430377e-27       0.004035791
1372          2.415931      1.422074e-27        0.01109399
1373          4.173937       1.40548e-27       0.003673394
1374           4.26984      1.394594e-27      0.0003895797
1375          678.6314      1.384495e-27      3.614237e-09

1376          3.839108      1.372609e-27      0.0002327445
1377          33.88108      1.366677e-27      8.035828e-06
1378          2.904691      1.349829e-27       0.009177854
1379          1065.427      1.337716e-27      1.093282e-09
1380          2.958222      1.335859e-27       0.002544767

1381          6.722822      1.332217e-27      0.0002165325
1382          2.295572      1.309141e-27       0.001208808
1383          564.4246      1.308029e-27        2.4487e-09
1384          6.332419      1.298795e-27      0.0004510278
1385          3.090246      1.295215e-27      0.0005020211

1386          641.1846      1.294094e-27      3.933355e-09
1387          1.509523       1.29349e-27       0.004309704
1388          6.282241      1.286686e-27      0.0004197318
1389           2.19823      1.278339e-27       0.001209585
1390          364.2345      1.276933e-27      9.476082e-09

1391          6.474217       1.27377e-27      0.0001455649
1392          2.629222       1.26632e-27       0.000894805
1393          2.157084      1.265071e-27       0.001497936
1394          6.716604      1.262911e-27      0.0001163395
1395           1.11156      1.260858e-27        0.01080019

1396          2.051913       1.25011e-27       0.003460017
1397          2.821057      1.249272e-27       0.007147728
1398          5.261215       1.24155e-27      0.0005795812
1399           48.7688      1.232039e-27      3.628788e-07
1400          4.142791      1.215696e-27       0.000689321

1401          1.541026      1.205396e-27         0.0144152
1402          2.403841      1.205379e-27      0.0006141325
1403          345.2858      1.201609e-27       9.06398e-09
1404          2.746671       1.19261e-27       0.001444116
1405          2.923918      1.186238e-27      0.0006659454

1406          508.3207      1.183393e-27      3.945338e-09
1407          1.563651      1.156626e-27        0.01343458
1408          1.226357       1.15631e-27       0.005640684
1409           385.713      1.144489e-27       9.32143e-09
1410          653.2011      1.141225e-27      3.165024e-09

1411          33.46308      1.138117e-27      1.106477e-06
1412          6.389442      1.137838e-27      0.0002912817
1413          1.967828       1.12847e-27       0.001765572
1414          3.654909       1.12143e-27      0.0005070249
1415          1.195746      1.102724e-27       0.006797165

1416          4.759048      1.084786e-27       0.000316482
1417          443.5926      1.058384e-27      6.517395e-09
1418           261.579      1.055388e-27      2.044203e-08
1419          1.508127       1.05034e-27       0.002942111
1420          437.6237       1.04864e-27      5.442567e-09

1421           1.96253      1.034665e-27       0.002812626
1422          690.5563      1.033937e-27      2.709315e-09
1423          5.944867      1.032693e-27       0.000172608
1424          44.20009      1.031542e-27      1.659465e-06
1425          2.296972      1.030176e-27       0.001027695

1426          2.592378      1.025545e-27       0.001128233
1427          225.4801      1.020071e-27      2.583105e-08
1428          551.6107      1.001716e-27      4.955252e-09
1429          3.703002      1.001642e-27      0.0004958078
1430          6.371747      9.957189e-28      0.0004137299

1431          2.872481      9.867329e-28       0.001112829
1432          5.867991      9.709667e-28      0.0002020742
1433          432.3425      9.690833e-28      7.852624e-09
1434          3.142608      9.640461e-28        0.00103866
1435           7.04471      9.530691e-28      0.0001123508

1436          1.871419      9.500392e-28        0.00327929
1437          510.8722      9.494565e-28      4.959095e-09
1438          5.745079      9.460672e-28       0.001644342
1439          48.85796      9.384132e-28       2.60502e-07
1440          4.770085      9.379487e-28       0.000200186

1441           1083.62      9.325768e-28      1.481108e-09
1442          2.159184      9.232378e-28        0.01136047
1443          4.014862      9.118664e-28      0.0002522321
1444          35.90792      9.099512e-28      1.215902e-06
1445          14.59272      8.952271e-28      7.044069e-06

1446          3.581768      8.809385e-28      0.0007026932
1447          1.485871      8.755416e-28        0.01126226
1448          7.598448      8.621808e-28      0.0006799595
1449           2.27988        8.5785e-28      0.0009624042
1450          2.379027      8.529034e-28       0.001563512

1451          7.107342      8.461168e-28      7.071967e-05
1452          8.828502      8.458423e-28      5.763253e-05
1453          12.32108      8.438253e-28       4.97252e-05
1454          5.053943      8.428491e-28      0.0003030054
1455          2.429132      8.409918e-28       0.001484129

1456          3.162876      8.347959e-28       0.004787161
1457          341.8747      8.302441e-28       1.32473e-08
1458           7.78884      8.256234e-28      0.0003484923
1459          5.640948      8.239067e-28      5.711093e-05
1460          3.492887      8.220342e-28      0.0004439352

1461          5.296918      8.148888e-28      0.0001822866
1462           2.99632      8.024824e-28      0.0005102301
1463          860.9221      7.952191e-28      5.941614e-09
1464          1283.857      7.948377e-28      3.802594e-09
1465          336.1934      7.931535e-28      9.167429e-09

1466          3.179803      7.851492e-28      0.0005549938
1467          9.177559      7.834802e-28       2.69454e-05
1468           45.8829      7.751708e-28      6.553044e-07
1469          3.403914      7.746282e-28      0.0003309996
1470          3.683676      7.716837e-28      0.0004613672

1471          333.2998      7.654485e-28      8.871034e-09
1472          8.788699      7.614077e-28      6.989391e-05
1473           1.78262      7.500978e-28       0.001137385
1474          11.41772      7.462033e-28      0.0001154163
1475          488.7828      7.411395e-28        4.6987e-09

1476          103.2189      7.397744e-28      1.564399e-07
1477          5.661023      7.380315e-28      0.0002001323
1478          2.324533      7.308507e-28       0.001667085
1479          6.464158      7.298303e-28      0.0001340937
1480           376.467      7.282089e-28        8.8038e-09

1481          3.543113      7.175697e-28      0.0003793164
1482          634.7579       7.04236e-28      3.309188e-09
1483          528.4847      6.864075e-28      3.094271e-09
1484          21.02214      6.701857e-28      4.967147e-06
1485          8.297566      6.529935e-28      7.694454e-05

1486          58.62158      6.516074e-28      3.123272e-07
1487          571.9787      6.504717e-28      2.936181e-09
1488          1.842434      6.458693e-28       0.001239192
1489          635.1889      6.428261e-28       4.46446e-09
1490           632.248      6.403573e-28      1.804612e-09

1491          1.436044      6.353758e-28         0.0078108
1492          382.9018      6.007631e-28      5.003888e-09
1493          1.818758      5.881102e-28       0.003869343
1494          2.534173      5.825609e-28       0.001198791
1495          158.1328      5.797374e-28      7.308375e-08

1496          401.3176      5.784524e-28      6.630027e-09
1497          1.955273       5.64764e-28         0.0041953
1498          69.31481      5.490428e-28      2.033768e-07
1499          4.244258      5.467631e-28      0.0005516788
1500          551.7094      5.418923e-28      3.033571e-09

1501            7.6549       5.31869e-28      0.0002577724
1502          11.59794      5.246907e-28      1.698591e-05
1503          69.32035       5.18863e-28      2.412308e-07
1504          760.3462      5.127219e-28      1.628735e-09
1505          134.7532      5.043349e-28      4.311957e-08

1506           13.7311      5.043143e-28      9.520675e-06
1507          4.603576      4.994164e-28      0.0001898415
1508          3.023881       4.99066e-28      0.0002474878
1509           2.86426      4.826616e-28      0.0009768704
1510          3.595725      4.686097e-28      0.0006700853

1511          5.786988      4.332535e-28      2.841282e-05
1512          1.731194      4.285719e-28       0.003671228
1513          3.277298      4.265517e-28      0.0002360962
1514          60.93428      4.217652e-28      4.355036e-07
1515          213.9501      4.012263e-28      2.696728e-08

1516          19.19718       3.99683e-28      6.088143e-06
1517          671.6324      3.950846e-28      1.185639e-09
1518          4.565031      3.916339e-28      0.0002181086
1519          431.8539      3.898798e-28      3.621577e-09
1520           3.56822      3.807106e-28      0.0001794611

1521          3.628175      3.786826e-28       0.000231749
1522          930.2705      3.697296e-28      2.608645e-09
1523          580.5092      3.574311e-28       1.89769e-09
1524          2.273267      3.490136e-28      0.0006495678
1525          77.81575      3.477863e-28      2.212898e-07

1526          7.230578      3.414195e-28      4.914721e-05
1527          326.0958      3.292813e-28      1.579992e-08
1528          565.0714       3.18491e-28      1.614641e-09
1529           5.02144      2.747513e-28      0.0002056828
1530          589.4993      2.657641e-28      2.287738e-09

1531          555.8754      2.619448e-28      4.012493e-09
1532           517.957      2.555285e-28      5.085346e-09
1533          28.13141      2.513745e-28      1.205791e-06
1534           22.6547      2.442236e-28      4.504644e-06
1535          10.77819      2.358214e-28       4.56207e-05

1536          3.876093       1.23573e-28      0.0002335856